000001, 04, 05, 08, 13, 17, 21, 22, 27, 30, 33, 34, 39, 40, 45, 46, 47, 48, 51, 52, 53
000002, 04, 05, 07, 16, 18, 21, 24, 31, 32, 36, 42, 43, 45, 46, 48, 49, 51, 54, 55, 58
000003, 06, 07, 16, 19, 23, 24, 27, 31, 32, 34, 36, 37, 38, 40, 42, 48, 50, 54, 55, 57
000004, 01, 03, 07, 08, 09, 10, 12, 13, 16, 19, 20, 23, 35, 41, 42, 44, 46, 47, 52, 59
000005, 04, 05, 07, 08, 09, 12, 13, 14, 16, 18, 19, 22, 24, 28, 30, 31, 33, 45, 51, 54
000006, 01, 05, 08, 10, 17, 18, 19, 21, 23, 24, 26, 27, 28, 32, 33, 40, 49, 51, 53, 55
000007, 02, 03, 13, 17, 18, 20, 23, 31, 33, 34, 35, 41, 42, 45, 47, 49, 52, 56, 59, 60
000008, 01, 02, 04, 09, 11, 13, 16, 17, 20, 22, 23, 24, 31, 34, 36, 38, 41, 42, 51, 53
000009, 04, 09, 10, 16, 17, 18, 28, 30, 31, 33, 34, 35, 40, 42, 47, 52, 54, 55, 57, 60
000010, 02, 03, 08, 10, 11, 15, 18, 33, 34, 35, 40, 41, 42, 44, 48, 49, 50, 53, 57, 58
000011, 03, 06, 09, 10, 11, 22, 23, 30, 31, 32, 38, 40, 42, 46, 47, 48, 51, 52, 54, 57
000012, 02, 07, 13, 14, 17, 18, 23, 32, 35, 36, 37, 38, 41, 43, 44, 45, 49, 51, 53, 59
000013, 04, 07, 09, 10, 14, 15, 16, 20, 25, 26, 27, 28, 30, 33, 34, 35, 37, 40, 41, 49
000014, 03, 04, 05, 09, 11, 12, 18, 19, 23, 25, 31, 32, 35, 37, 38, 40, 51, 55, 56, 57
000015, 03, 05, 08, 11, 14, 19, 25, 30, 32, 33, 35, 41, 43, 44, 45, 47, 49, 57, 58, 59
000016, 01, 03, 09, 12, 13, 17, 21, 22, 25, 28, 31, 34, 35, 41, 42, 49, 50, 51, 53, 54
000017, 02, 03, 04, 07, 08, 19, 21, 28, 29, 31, 39, 41, 44, 45, 46, 48, 49, 50, 55, 56
000018, 04, 05, 06, 08, 11, 13, 14, 32, 33, 35, 39, 40, 43, 44, 45, 47, 50, 51, 55, 60
000019, 01, 05, 06, 07, 10, 12, 16, 18, 22, 31, 32, 36, 39, 40, 42, 43, 45, 46, 50, 54
000020, 05, 06, 07, 12, 20, 22, 24, 25, 26, 27, 30, 37, 40, 49, 50, 51, 52, 53, 56, 60
000021, 01, 05, 09, 13, 15, 24, 28, 30, 33, 36, 37, 40, 41, 48, 51, 54, 55, 58, 59, 60
000022, 01, 08, 09, 11, 12, 16, 17, 19, 21, 27, 28, 31, 34, 47, 52, 53, 57, 58, 59, 60
000023, 01, 04, 09, 16, 17, 19, 20, 22, 23, 26, 29, 31, 32, 33, 35, 38, 48, 49, 56, 57
000024, 02, 03, 06, 08, 10, 18, 24, 27, 29, 30, 35, 36, 39, 43, 44, 45, 47, 51, 55, 59
000025, 06, 08, 11, 12, 15, 18, 19, 23, 30, 31, 32, 33, 35, 41, 45, 47, 48, 50, 57, 58
000026, 02, 03, 04, 10, 12, 19, 26, 27, 28, 29, 32, 35, 40, 41, 48, 51, 53, 54, 56, 57
000027, 04, 09, 11, 13, 17, 18, 22, 23, 24, 25, 29, 33, 41, 43, 44, 45, 51, 53, 54, 59
000028, 01, 02, 17, 18, 22, 25, 27, 35, 36, 43, 46, 47, 49, 50, 52, 53, 55, 56, 57, 58
000029, 01, 02, 03, 05, 07, 09, 22, 23, 27, 28, 29, 31, 35, 38, 39, 42, 46, 58, 59, 60
000030, 01, 02, 08, 12, 16, 22, 24, 25, 27, 31, 32, 33, 35, 36, 41, 42, 44, 52, 57, 59
000031, 01, 04, 08, 19, 20, 21, 22, 23, 27, 28, 29, 37, 39, 42, 43, 46, 49, 54, 56, 58
000032, 07, 09, 13, 18, 23, 25, 26, 27, 28, 33, 34, 35, 39, 43, 45, 47, 48, 52, 54, 58
000033, 02, 04, 06, 14, 15, 16, 17, 20, 22, 24, 28, 29, 36, 40, 43, 45, 46, 50, 55, 56
000034, 01, 03, 04, 07, 11, 15, 18, 27, 30, 32, 37, 39, 40, 42, 48, 49, 50, 52, 55, 60
000035, 01, 05, 07, 12, 16, 23, 24, 25, 26, 28, 33, 34, 36, 38, 43, 48, 50, 52, 54, 58
000036, 01, 07, 11, 13, 14, 19, 22, 26, 30, 32, 33, 36, 38, 39, 41, 48, 49, 50, 51, 59
000037, 02, 03, 12, 13, 16, 20, 24, 25, 26, 30, 31, 35, 37, 43, 45, 47, 49, 50, 53, 57
000038, 02, 15, 23, 25, 26, 28, 29, 30, 31, 34, 36, 38, 39, 40, 42, 46, 47, 48, 52, 59
000039, 06, 09, 10, 11, 13, 14, 16, 18, 23, 28, 33, 36, 45, 46, 47, 48, 53, 54, 55, 59
000040, 02, 07, 11, 14, 16, 18, 21, 23, 25, 26, 27, 30, 32, 35, 37, 38, 41, 43, 49, 53
000041, 02, 03, 08, 10, 11, 15, 17, 21, 22, 23, 26, 28, 29, 33, 37, 44, 45, 47, 50, 51
000042, 02, 03, 06, 12, 14, 17, 18, 19, 29, 31, 32, 35, 37, 41, 44, 45, 47, 49, 51, 56
000043, 03, 10, 17, 19, 22, 25, 27, 28, 29, 31, 32, 33, 34, 36, 38, 45, 47, 48, 50, 56
000044, 10, 11, 13, 17, 18, 20, 21, 23, 24, 27, 28, 31, 33, 38, 42, 45, 49, 56, 58, 60
000045, 05, 07, 10, 15, 16, 19, 21, 22, 23, 24, 27, 28, 29, 34, 36, 37, 38, 39, 43, 52
000046, 06, 08, 10, 11, 15, 17, 18, 19, 26, 29, 33, 35, 43, 44, 46, 49, 51, 52, 58, 60
000047, 05, 08, 09, 12, 14, 18, 22, 31, 32, 35, 41, 44, 45, 46, 48, 53, 54, 55, 57, 58
000048, 02, 03, 05, 12, 20, 22, 30, 36, 37, 38, 43, 47, 49, 50, 52, 53, 55, 57, 58, 59
000049, 05, 09, 10, 14, 17, 18, 21, 25, 26, 29, 44, 47, 50, 51, 52, 53, 54, 56, 58, 59
000050, 07, 08, 10, 20, 21, 25, 26, 29, 30, 36, 37, 38, 40, 42, 45, 49, 51, 55, 56, 60
000051, 01, 06, 08, 15, 16, 17, 21, 22, 23, 30, 31, 32, 33, 36, 39, 42, 51, 55, 59, 60
000052, 04, 05, 06, 07, 08, 11, 12, 13, 14, 15, 16, 32, 34, 38, 48, 51, 53, 56, 57, 60
000053, 03, 04, 10, 11, 14, 21, 22, 23, 26, 27, 34, 41, 42, 44, 45, 46, 48, 49, 51, 57
000054, 02, 09, 13, 16, 22, 26, 27, 30, 32, 33, 34, 35, 37, 41, 42, 44, 46, 58, 59, 60
000055, 06, 07, 08, 11, 19, 24, 25, 26, 27, 29, 34, 35, 37, 38, 40, 41, 43, 47, 57, 58
000056, 01, 05, 06, 07, 11, 12, 14, 15, 16, 27, 28, 34, 36, 37, 38, 43, 44, 50, 53, 54
000057, 06, 07, 12, 14, 15, 22, 23, 25, 30, 36, 37, 40, 45, 46, 47, 48, 49, 55, 57, 60
000058, 03, 06, 07, 13, 15, 16, 17, 18, 20, 28, 29, 31, 32, 34, 38, 42, 51, 53, 57, 59
000059, 03, 04, 06, 07, 10, 13, 15, 23, 30, 31, 37, 39, 40, 45, 47, 49, 50, 51, 52, 56
000060, 05, 06, 11, 13, 14, 16, 18, 25, 32, 33, 34, 35, 38, 39, 41, 43, 44, 46, 48, 50
000061, 01, 04, 05, 08, 10, 13, 19, 20, 21, 24, 26, 29, 31, 33, 46, 49, 50, 51, 52, 58
000062, 02, 03, 06, 10, 16, 18, 20, 21, 28, 29, 30, 31, 33, 36, 41, 43, 44, 47, 52, 60
000063, 09, 11, 13, 15, 19, 28, 29, 32, 35, 38, 40, 41, 42, 43, 44, 46, 48, 49, 56, 60
000064, 03, 04, 11, 14, 15, 17, 21, 22, 25, 27, 29, 31, 32, 33, 37, 43, 49, 50, 52, 57
000065, 07, 08, 13, 16, 18, 20, 23, 25, 26, 27, 31, 35, 39, 41, 42, 46, 51, 53, 59, 60
000066, 05, 06, 10, 12, 13, 14, 21, 22, 23, 28, 29, 30, 33, 34, 41, 42, 45, 47, 55, 58
000067, 02, 08, 13, 19, 21, 23, 29, 31, 38, 39, 40, 43, 44, 47, 48, 49, 51, 52, 53, 60
000068, 02, 06, 09, 10, 11, 24, 28, 30, 31, 32, 33, 37, 39, 40, 43, 45, 46, 51, 52, 58
000069, 03, 04, 07, 08, 11, 12, 13, 14, 16, 17, 22, 27, 30, 35, 38, 39, 44, 46, 51, 53
000070, 01, 02, 04, 05, 09, 11, 25, 34, 35, 37, 38, 39, 40, 46, 49, 52, 54, 56, 57, 60
000071, 02, 03, 07, 11, 12, 14, 18, 19, 23, 25, 26, 27, 28, 30, 34, 41, 43, 51, 57, 58
000072, 03, 05, 09, 15, 16, 17, 18, 27, 28, 29, 30, 31, 33, 34, 35, 38, 43, 48, 50, 59
000073, 01, 03, 08, 09, 10, 15, 20, 21, 27, 28, 33, 34, 35, 42, 45, 54, 55, 57, 58, 59
000074, 02, 06, 09, 11, 14, 16, 17, 22, 29, 35, 37, 38, 39, 40, 41, 42, 48, 51, 58, 60
000075, 05, 06, 14, 18, 19, 20, 22, 23, 25, 30, 31, 32, 34, 35, 41, 43, 44, 50, 51, 53
000076, 02, 05, 10, 14, 24, 26, 27, 28, 31, 34, 35, 36, 42, 46, 49, 52, 53, 57, 58, 60
000077, 01, 02, 03, 04, 13, 14, 21, 23, 24, 26, 27, 33, 37, 39, 40, 44, 51, 56, 57, 60
000078, 01, 07, 08, 10, 11, 14, 15, 17, 18, 20, 25, 29, 30, 35, 48, 52, 53, 54, 58, 59
000079, 08, 09, 12, 16, 17, 20, 22, 26, 27, 31, 36, 40, 42, 43, 47, 49, 50, 56, 58, 59
000080, 02, 03, 08, 09, 10, 16, 18, 22, 23, 26, 28, 30, 35, 39, 43, 45, 52, 53, 55, 59
000081, 01, 02, 05, 10, 11, 13, 20, 22, 28, 32, 35, 39, 43, 46, 47, 48, 49, 52, 53, 58
000082, 01, 03, 05, 08, 11, 12, 16, 19, 20, 21, 25, 34, 35, 36, 37, 39, 42, 53, 55, 59
000083, 08, 09, 11, 12, 13, 22, 25, 26, 28, 31, 32, 33, 35, 39, 43, 48, 51, 52, 55, 59
000084, 06, 07, 09, 13, 15, 20, 23, 25, 26, 31, 32, 34, 35, 40, 41, 43, 45, 46, 50, 55
000085, 06, 07, 08, 12, 14, 18, 22, 30, 32, 34, 35, 36, 41, 42, 45, 48, 51, 52, 57, 58
000086, 04, 08, 12, 20, 21, 24, 27, 29, 30, 31, 36, 38, 39, 41, 46, 52, 54, 55, 58, 60
000087, 02, 07, 12, 13, 16, 19, 24, 25, 28, 32, 35, 37, 40, 44, 47, 49, 51, 55, 59, 60
000088, 01, 02, 03, 05, 07, 08, 15, 18, 24, 36, 39, 40, 41, 43, 45, 46, 53, 54, 55, 56
000089, 07, 08, 11, 23, 25, 26, 29, 31, 33, 34, 35, 37, 38, 41, 42, 43, 46, 55, 56, 58
000090, 02, 05, 06, 10, 12, 13, 14, 20, 21, 23, 26, 27, 31, 36, 38, 46, 47, 49, 52, 58
000091, 01, 07, 12, 15, 16, 17, 18, 19, 21, 27, 28, 33, 39, 44, 47, 49, 50, 51, 55, 56
000092, 06, 09, 12, 13, 15, 18, 21, 28, 30, 32, 35, 38, 41, 43, 44, 47, 54, 55, 56, 59
000093, 02, 04, 05, 10, 12, 14, 16, 27, 28, 30, 34, 39, 43, 45, 47, 48, 52, 53, 54, 59
000094, 02, 03, 04, 10, 11, 16, 17, 18, 21, 22, 23, 25, 33, 35, 38, 47, 49, 50, 53, 55
000095, 02, 05, 10, 21, 25, 26, 27, 28, 29, 32, 33, 34, 35, 39, 49, 51, 52, 54, 55, 58
000096, 04, 06, 08, 12, 14, 26, 28, 30, 31, 36, 37, 41, 43, 45, 46, 50, 52, 53, 54, 59
000097, 06, 09, 11, 14, 16, 21, 22, 23, 26, 27, 32, 35, 42, 48, 51, 53, 54, 56, 57, 60
000098, 02, 04, 07, 15, 20, 21, 23, 24, 25, 27, 28, 29, 40, 46, 49, 50, 53, 57, 59, 60
000099, 02, 07, 09, 11, 12, 19, 20, 22, 24, 26, 27, 29, 37, 40, 41, 53, 55, 57, 58, 60
000100, 05, 07, 09, 11, 14, 17, 18, 19, 26, 30, 33, 36, 40, 44, 47, 52, 53, 54, 57, 58
000101, 08, 09, 11, 15, 20, 33, 34, 36, 38, 39, 44, 47, 48, 49, 50, 52, 53, 55, 56, 60
000102, 05, 06, 08, 11, 12, 13, 14, 21, 27, 30, 33, 37, 41, 45, 46, 47, 53, 55, 56, 60
000103, 02, 03, 09, 20, 29, 32, 33, 35, 36, 39, 44, 45, 46, 47, 48, 52, 54, 56, 58, 59
000104, 11, 13, 14, 17, 18, 21, 23, 30, 31, 33, 34, 36, 38, 44, 45, 47, 51, 53, 54, 56
000105, 05, 10, 11, 12, 13, 15, 17, 24, 25, 28, 31, 33, 38, 40, 44, 48, 49, 50, 52, 53
000106, 01, 02, 09, 10, 11, 13, 18, 24, 29, 30, 33, 35, 36, 39, 41, 44, 46, 49, 51, 55
000107, 10, 12, 14, 15, 19, 25, 28, 32, 33, 34, 38, 39, 41, 42, 43, 45, 47, 48, 49, 56
000108, 02, 03, 09, 11, 19, 20, 30, 32, 34, 36, 37, 38, 40, 41, 44, 47, 51, 54, 58, 60
000109, 02, 03, 04, 05, 13, 16, 17, 18, 22, 25, 26, 27, 28, 30, 32, 36, 49, 51, 52, 54
000110, 03, 05, 09, 12, 17, 23, 25, 30, 31, 32, 33, 37, 41, 42, 44, 46, 51, 52, 58, 60
000111, 05, 17, 21, 23, 25, 26, 28, 30, 34, 35, 37, 38, 39, 40, 43, 45, 50, 51, 52, 60
000112, 01, 04, 06, 11, 13, 15, 18, 19, 21, 31, 36, 38, 39, 40, 42, 44, 46, 50, 52, 54
000113, 01, 04, 09, 11, 14, 19, 21, 22, 26, 28, 30, 36, 37, 42, 43, 47, 50, 55, 58, 60
000114, 01, 03, 04, 09, 12, 18, 21, 26, 29, 33, 35, 39, 41, 44, 46, 48, 51, 52, 58, 59
000115, 04, 05, 07, 08, 09, 14, 17, 19, 20, 24, 34, 38, 39, 40, 43, 45, 47, 49, 50, 56
000116, 02, 03, 05, 12, 21, 24, 25, 26, 30, 31, 34, 35, 37, 41, 42, 45, 46, 47, 50, 55
000117, 01, 04, 11, 15, 16, 21, 22, 25, 28, 31, 34, 35, 37, 39, 40, 48, 50, 51, 54, 60
000118, 02, 05, 09, 17, 20, 21, 23, 24, 26, 27, 32, 34, 37, 42, 45, 46, 50, 56, 57, 60
000119, 06, 08, 10, 13, 16, 20, 21, 23, 26, 32, 33, 37, 41, 43, 44, 46, 47, 49, 53, 54
000120, 01, 02, 16, 18, 20, 24, 25, 36, 37, 38, 41, 43, 44, 45, 46, 47, 54, 57, 58, 59
000121, 06, 07, 08, 11, 19, 23, 27, 31, 33, 34, 36, 39, 40, 47, 48, 51, 52, 53, 56, 57
000122, 03, 06, 11, 12, 15, 16, 17, 18, 24, 26, 28, 29, 31, 40, 41, 42, 51, 52, 59, 60
000123, 01, 04, 05, 07, 08, 10, 12, 18, 19, 23, 26, 27, 31, 32, 37, 41, 50, 54, 57, 60
000124, 04, 07, 14, 17, 18, 27, 29, 32, 35, 37, 40, 41, 43, 44, 46, 47, 48, 49, 50, 57
000125, 01, 04, 06, 10, 11, 17, 18, 23, 24, 28, 36, 37, 38, 42, 44, 50, 52, 53, 59, 60
000126, 02, 03, 06, 07, 12, 14, 19, 20, 26, 28, 31, 34, 37, 39, 48, 49, 54, 55, 56, 57
000127, 01, 03, 10, 11, 14, 16, 22, 25, 27, 28, 29, 34, 35, 36, 43, 44, 48, 49, 51, 58
000128, 01, 06, 09, 12, 13, 17, 20, 22, 28, 29, 33, 35, 39, 41, 42, 45, 52, 54, 59, 60
000129, 04, 14, 16, 21, 27, 31, 33, 37, 40, 41, 42, 43, 45, 49, 50, 52, 54, 57, 58, 59
000130, 01, 02, 06, 08, 10, 14, 16, 17, 18, 23, 24, 26, 28, 39, 44, 45, 46, 51, 52, 53
000131, 02, 06, 09, 10, 12, 13, 14, 18, 27, 28, 29, 32, 36, 40, 41, 43, 47, 52, 57, 59
000132, 01, 03, 09, 10, 11, 12, 14, 15, 16, 19, 25, 27, 29, 33, 35, 36, 38, 43, 49, 57
000133, 01, 03, 06, 08, 09, 10, 11, 13, 21, 23, 30, 32, 36, 37, 40, 44, 46, 49, 54, 55
000134, 03, 09, 12, 13, 14, 19, 20, 22, 24, 25, 27, 28, 29, 31, 34, 36, 39, 44, 47, 54
000135, 02, 09, 11, 14, 16, 17, 22, 25, 29, 30, 31, 32, 36, 37, 39, 41, 42, 46, 59, 60
000136, 05, 08, 09, 15, 16, 24, 29, 35, 39, 40, 45, 46, 48, 51, 52, 55, 56, 58, 59, 60
000137, 02, 05, 07, 08, 10, 12, 13, 16, 17, 22, 24, 26, 32, 33, 36, 37, 45, 47, 48, 53
000138, 01, 04, 05, 06, 10, 12, 16, 18, 19, 22, 26, 28, 33, 35, 41, 44, 46, 48, 54, 56
000139, 03, 08, 12, 15, 17, 21, 22, 25, 30, 31, 35, 38, 39, 41, 46, 48, 50, 52, 54, 58
000140, 01, 02, 03, 04, 07, 09, 20, 22, 24, 27, 32, 33, 34, 40, 42, 43, 47, 53, 57, 60
000141, 01, 04, 12, 13, 14, 17, 20, 26, 32, 36, 38, 40, 42, 43, 44, 47, 53, 56, 57, 58
000142, 02, 06, 10, 12, 15, 20, 23, 26, 31, 32, 34, 38, 40, 43, 44, 45, 49, 50, 51, 52
000143, 05, 08, 11, 13, 21, 25, 26, 29, 31, 33, 36, 38, 40, 44, 48, 52, 54, 56, 58, 60
000144, 01, 05, 09, 13, 14, 17, 20, 24, 25, 26, 34, 37, 38, 45, 46, 49, 54, 56, 59, 60
000145, 01, 04, 05, 06, 08, 15, 17, 19, 21, 28, 30, 32, 35, 37, 38, 41, 42, 53, 57, 60
000146, 03, 04, 08, 18, 20, 21, 22, 28, 30, 32, 34, 36, 37, 41, 46, 47, 49, 50, 56, 57
000147, 02, 03, 05, 06, 08, 11, 13, 14, 17, 25, 29, 38, 39, 42, 45, 46, 48, 51, 53, 57
000148, 02, 03, 09, 10, 12, 14, 18, 21, 26, 28, 35, 39, 40, 42, 46, 49, 52, 55, 58, 60
000149, 02, 03, 08, 09, 14, 16, 19, 21, 23, 28, 29, 35, 36, 37, 39, 41, 42, 43, 46, 56
000150, 04, 06, 07, 08, 09, 13, 19, 21, 28, 33, 34, 38, 40, 41, 46, 48, 54, 55, 56, 58
000151, 04, 06, 09, 11, 18, 22, 24, 28, 36, 38, 43, 45, 51, 52, 53, 55, 56, 57, 58, 60
000152, 02, 11, 13, 16, 17, 19, 21, 27, 30, 31, 34, 37, 41, 43, 46, 47, 54, 55, 57, 58
000153, 01, 08, 15, 19, 21, 24, 27, 32, 33, 37, 38, 39, 40, 44, 47, 52, 53, 54, 56, 57
000154, 05, 08, 10, 18, 21, 22, 23, 25, 30, 32, 33, 37, 40, 41, 44, 47, 50, 51, 52, 58
000155, 02, 08, 11, 14, 16, 19, 24, 27, 28, 36, 37, 38, 40, 45, 48, 49, 50, 53, 59, 60
000156, 02, 04, 07, 09, 11, 16, 18, 19, 23, 30, 32, 33, 36, 37, 41, 43, 46, 55, 58, 60
000157, 03, 06, 10, 12, 17, 18, 21, 27, 30, 31, 33, 34, 35, 36, 38, 46, 48, 50, 53, 54
000158, 06, 07, 09, 10, 15, 18, 24, 27, 28, 30, 35, 36, 41, 48, 49, 51, 53, 55, 57, 59
000159, 01, 05, 06, 10, 13, 17, 22, 26, 27, 28, 32, 33, 40, 42, 46, 49, 54, 56, 58, 59
000160, 04, 05, 19, 21, 24, 26, 28, 30, 31, 32, 34, 35, 45, 48, 50, 51, 52, 53, 57, 59
000161, 01, 07, 10, 15, 17, 19, 24, 25, 30, 32, 33, 43, 46, 47, 48, 53, 54, 55, 58, 60
000162, 02, 08, 10, 18, 20, 22, 24, 26, 28, 33, 34, 37, 38, 41, 42, 44, 46, 49, 51, 55
000163, 06, 10, 13, 18, 21, 23, 25, 26, 28, 29, 35, 36, 38, 46, 50, 52, 54, 56, 58, 59
000164, 01, 02, 09, 12, 17, 18, 19, 20, 23, 25, 31, 34, 35, 38, 39, 41, 42, 45, 46, 47
000165, 01, 03, 06, 09, 11, 13, 17, 19, 21, 24, 34, 37, 38, 41, 43, 45, 46, 48, 50, 51
000166, 02, 03, 04, 07, 09, 19, 24, 28, 29, 37, 39, 44, 45, 46, 48, 49, 50, 51, 54, 57
000167, 01, 03, 05, 10, 13, 28, 30, 31, 37, 41, 43, 44, 46, 48, 52, 53, 54, 55, 58, 60
000168, 04, 14, 16, 18, 24, 25, 26, 34, 36, 40, 44, 45, 47, 48, 50, 51, 52, 56, 57, 58
000169, 04, 09, 10, 11, 12, 13, 14, 15, 21, 27, 37, 38, 39, 40, 48, 51, 57, 58, 59, 60
000170, 04, 05, 08, 14, 16, 17, 18, 20, 21, 22, 26, 28, 33, 37, 38, 39, 51, 53, 54, 56
000171, 02, 11, 12, 19, 21, 24, 25, 30, 32, 33, 35, 37, 40, 42, 43, 44, 52, 54, 56, 60
000172, 04, 07, 10, 13, 14, 20, 21, 22, 24, 25, 27, 29, 30, 43, 48, 49, 52, 56, 58, 59
000173, 03, 05, 10, 11, 12, 15, 18, 23, 28, 34, 35, 40, 41, 42, 48, 49, 50, 52, 54, 56
000174, 01, 03, 04, 08, 11, 14, 17, 21, 23, 27, 28, 29, 32, 37, 48, 50, 52, 53, 54, 56
000175, 01, 03, 05, 06, 11, 16, 21, 22, 25, 26, 32, 33, 34, 41, 43, 45, 47, 50, 54, 56
000176, 02, 04, 09, 13, 15, 18, 20, 22, 24, 27, 31, 33, 38, 41, 42, 46, 50, 51, 52, 59
000177, 05, 13, 15, 22, 23, 24, 25, 27, 28, 36, 38, 39, 40, 42, 44, 45, 47, 48, 51, 57
000178, 06, 09, 11, 16, 17, 22, 24, 29, 36, 38, 42, 44, 47, 48, 49, 51, 54, 55, 57, 59
000179, 06, 08, 09, 12, 13, 18, 25, 26, 30, 31, 33, 38, 41, 43, 48, 50, 54, 56, 58, 60
000180, 03, 06, 09, 12, 16, 24, 28, 29, 31, 35, 37, 39, 40, 43, 44, 46, 47, 49, 53, 57
000181, 02, 05, 09, 10, 11, 16, 25, 28, 30, 32, 33, 36, 37, 42, 47, 48, 49, 56, 57, 58
000182, 08, 09, 10, 12, 14, 17, 18, 21, 26, 27, 31, 33, 39, 42, 43, 47, 51, 54, 55, 56
000183, 06, 07, 13, 14, 15, 18, 19, 24, 26, 36, 38, 39, 40, 42, 43, 48, 50, 54, 58, 59
000184, 01, 03, 09, 11, 16, 20, 24, 27, 31, 33, 38, 39, 40, 43, 46, 49, 50, 51, 55, 60
000185, 01, 04, 05, 09, 18, 19, 21, 22, 29, 35, 37, 38, 40, 41, 46, 49, 55, 57, 58, 59
000186, 01, 08, 14, 17, 18, 24, 25, 26, 29, 31, 32, 33, 38, 41, 44, 50, 51, 53, 58, 59
000187, 01, 05, 09, 10, 14, 15, 17, 22, 24, 25, 36, 38, 39, 41, 46, 49, 53, 55, 56, 58
000188, 02, 04, 07, 08, 17, 19, 23, 28, 29, 30, 32, 39, 41, 43, 46, 50, 52, 53, 56, 59
000189, 02, 03, 06, 07, 13, 15, 18, 23, 25, 29, 31, 32, 33, 38, 45, 47, 51, 52, 57, 58
000190, 02, 04, 09, 10, 15, 16, 19, 21, 22, 27, 28, 30, 35, 37, 46, 48, 50, 53, 54, 60
000191, 05, 06, 10, 11, 17, 20, 23, 28, 29, 31, 35, 39, 40, 41, 46, 48, 49, 52, 59, 60
000192, 03, 05, 06, 11, 12, 14, 16, 19, 22, 26, 33, 34, 42, 44, 51, 53, 57, 58, 59, 60
000193, 01, 04, 06, 08, 15, 17, 19, 20, 27, 33, 34, 36, 41, 45, 47, 50, 53, 54, 55, 58
000194, 01, 02, 03, 04, 11, 15, 16, 17, 18, 22, 25, 27, 28, 29, 31, 32, 37, 50, 54, 55
000195, 01, 05, 07, 11, 12, 16, 19, 20, 27, 28, 29, 31, 33, 40, 47, 49, 50, 51, 52, 58
000196, 01, 06, 07, 13, 16, 18, 19, 21, 27, 28, 30, 31, 36, 38, 46, 48, 53, 54, 56, 58
000197, 02, 03, 05, 06, 12, 15, 18, 21, 23, 24, 25, 30, 34, 36, 42, 47, 48, 49, 51, 60
000198, 03, 07, 13, 14, 15, 16, 17, 22, 27, 30, 36, 37, 38, 45, 46, 49, 53, 56, 58, 59
000199, 02, 03, 05, 06, 13, 14, 15, 20, 23, 25, 26, 30, 34, 37, 39, 45, 49, 52, 54, 57
000200, 01, 02, 05, 11, 12, 13, 15, 16, 25, 34, 37, 42, 44, 45, 47, 52, 57, 58, 59, 60
000201, 01, 07, 10, 11, 14, 17, 21, 23, 24, 28, 32, 34, 39, 41, 42, 53, 55, 56, 58, 59
000202, 01, 05, 07, 09, 11, 16, 19, 22, 27, 28, 32, 33, 35, 37, 38, 39, 43, 47, 48, 49
000203, 02, 03, 04, 05, 07, 08, 09, 14, 19, 21, 27, 28, 29, 30, 35, 38, 40, 43, 45, 53
000204, 08, 09, 10, 12, 13, 15, 16, 18, 20, 22, 25, 32, 33, 36, 40, 52, 54, 58, 59, 60
000205, 01, 03, 04, 07, 09, 10, 14, 15, 19, 24, 25, 29, 30, 36, 40, 41, 42, 49, 55, 57
000206, 01, 04, 09, 13, 15, 18, 22, 24, 27, 30, 35, 38, 40, 41, 42, 43, 45, 47, 50, 57
000207, 02, 10, 12, 14, 18, 19, 20, 23, 28, 31, 38, 39, 41, 44, 47, 48, 49, 54, 55, 57
000208, 04, 05, 07, 08, 12, 14, 15, 17, 24, 29, 30, 43, 46, 51, 52, 53, 54, 55, 58, 60
000209, 05, 06, 07, 10, 13, 22, 29, 32, 35, 37, 40, 41, 46, 47, 49, 50, 53, 54, 57, 58
000210, 02, 04, 07, 13, 14, 15, 17, 18, 21, 22, 23, 27, 28, 36, 40, 43, 45, 48, 56, 59
000211, 03, 17, 20, 21, 25, 26, 27, 31, 33, 35, 38, 42, 44, 47, 50, 51, 52, 53, 55, 56
000212, 02, 10, 11, 15, 23, 26, 28, 31, 33, 35, 38, 39, 41, 44, 45, 51, 52, 53, 56, 57
000213, 02, 04, 07, 09, 11, 13, 18, 24, 29, 33, 34, 35, 38, 39, 44, 45, 53, 56, 58, 59
000214, 01, 02, 05, 06, 09, 15, 16, 18, 21, 25, 26, 27, 32, 33, 37, 40, 46, 51, 54, 59
000215, 01, 04, 05, 06, 12, 14, 15, 19, 21, 23, 25, 28, 36, 38, 45, 48, 49, 51, 55, 60
000216, 02, 12, 14, 16, 17, 18, 20, 22, 26, 29, 36, 38, 41, 43, 46, 49, 51, 57, 58, 60
000217, 06, 09, 12, 18, 22, 25, 29, 31, 33, 34, 37, 43, 45, 48, 49, 51, 52, 54, 56, 58
000218, 05, 08, 11, 13, 16, 17, 20, 24, 27, 32, 34, 37, 39, 43, 46, 48, 49, 51, 54, 58
000219, 01, 08, 10, 12, 14, 17, 19, 20, 21, 28, 29, 33, 35, 44, 46, 48, 49, 50, 53, 57
000220, 02, 03, 04, 09, 10, 12, 15, 18, 22, 27, 29, 32, 34, 46, 49, 52, 54, 55, 56, 59
000221, 02, 03, 10, 23, 24, 26, 29, 30, 31, 35, 36, 40, 42, 45, 47, 49, 55, 56, 59, 60
000222, 06, 09, 11, 12, 13, 23, 28, 30, 33, 34, 36, 38, 42, 43, 44, 46, 47, 55, 56, 58
000223, 05, 10, 15, 16, 17, 19, 20, 24, 31, 32, 34, 38, 44, 46, 49, 52, 53, 56, 59, 60
000224, 02, 03, 05, 09, 16, 18, 19, 21, 25, 26, 29, 36, 40, 41, 46, 47, 49, 50, 53, 57
000225, 03, 04, 05, 09, 10, 12, 14, 17, 22, 26, 28, 31, 36, 43, 46, 47, 48, 52, 53, 57
000226, 08, 09, 10, 11, 14, 15, 19, 21, 23, 25, 27, 32, 37, 41, 44, 47, 48, 50, 54, 55
000227, 01, 02, 03, 06, 14, 16, 20, 22, 24, 26, 33, 37, 41, 47, 48, 50, 52, 53, 56, 58
000228, 05, 08, 15, 16, 18, 20, 22, 28, 30, 32, 34, 37, 41, 45, 47, 49, 51, 56, 58, 59
000229, 05, 06, 07, 09, 11, 12, 14, 19, 34, 36, 39, 40, 42, 43, 44, 46, 54, 55, 58, 59
000230, 01, 03, 06, 13, 15, 17, 18, 19, 22, 35, 36, 37, 43, 44, 47, 48, 49, 51, 54, 55
000231, 04, 06, 10, 11, 16, 19, 20, 23, 25, 27, 30, 34, 35, 41, 43, 45, 46, 51, 53, 57
000232, 02, 06, 07, 08, 11, 12, 22, 23, 29, 30, 31, 36, 38, 41, 42, 43, 47, 55, 58, 60
000233, 03, 06, 15, 16, 24, 27, 28, 31, 34, 35, 37, 38, 39, 40, 42, 44, 51, 54, 56, 57
000234, 12, 13, 15, 25, 29, 30, 32, 37, 42, 43, 45, 47, 48, 50, 54, 55, 56, 58, 59, 60
000235, 03, 04, 05, 06, 11, 13, 16, 18, 23, 28, 33, 38, 40, 44, 46, 50, 52, 55, 56, 60
000236, 02, 05, 08, 10, 12, 17, 19, 22, 24, 33, 35, 37, 39, 42, 48, 50, 51, 54, 55, 58
000237, 01, 03, 04, 06, 15, 16, 18, 22, 27, 30, 32, 33, 34, 36, 37, 39, 44, 45, 53, 56
000238, 02, 04, 06, 07, 08, 13, 20, 21, 25, 27, 32, 33, 43, 44, 45, 47, 52, 53, 55, 58
000239, 03, 08, 12, 13, 19, 20, 24, 25, 29, 32, 34, 36, 38, 39, 40, 41, 44, 54, 56, 59
000240, 02, 03, 06, 10, 22, 23, 28, 29, 32, 35, 37, 38, 39, 41, 42, 46, 49, 50, 52, 56
000241, 06, 10, 11, 14, 15, 16, 17, 21, 23, 26, 27, 32, 37, 39, 42, 43, 44, 48, 49, 60
000242, 03, 04, 05, 06, 11, 13, 15, 18, 22, 27, 29, 31, 38, 40, 41, 47, 50, 56, 57, 59
000243, 02, 06, 10, 14, 16, 21, 22, 24, 27, 28, 33, 34, 35, 45, 47, 51, 52, 55, 57, 58
000244, 04, 05, 10, 11, 14, 15, 17, 19, 22, 23, 26, 29, 32, 37, 39, 40, 41, 49, 55, 56
000245, 04, 07, 10, 13, 16, 18, 19, 29, 30, 32, 34, 37, 39, 40, 43, 44, 52, 55, 57, 60
000246, 09, 12, 13, 17, 20, 26, 27, 29, 30, 36, 41, 44, 45, 46, 47, 49, 52, 53, 55, 58
000247, 01, 06, 10, 14, 17, 20, 22, 23, 26, 29, 35, 36, 41, 46, 48, 50, 51, 52, 53, 58
000248, 02, 05, 09, 17, 18, 19, 23, 27, 29, 30, 31, 32, 34, 35, 41, 45, 46, 57, 58, 60
000249, 01, 02, 07, 13, 15, 16, 28, 30, 31, 35, 36, 37, 43, 44, 46, 47, 48, 50, 51, 52
000250, 01, 03, 07, 09, 12, 15, 22, 26, 27, 30, 31, 33, 35, 37, 40, 42, 44, 48, 55, 60
000251, 02, 03, 04, 06, 10, 12, 15, 17, 19, 24, 26, 27, 35, 42, 46, 47, 49, 51, 54, 58
000252, 01, 02, 06, 08, 10, 19, 23, 29, 30, 31, 34, 35, 38, 40, 47, 51, 52, 55, 57, 60
000253, 01, 03, 07, 11, 13, 14, 15, 16, 17, 18, 19, 22, 24, 26, 27, 34, 40, 42, 50, 54
000254, 01, 11, 12, 13, 17, 21, 23, 25, 29, 31, 35, 36, 37, 42, 46, 51, 55, 57, 58, 59
000255, 03, 04, 14, 16, 17, 22, 25, 28, 34, 35, 37, 40, 42, 44, 47, 48, 53, 56, 58, 60
000256, 02, 06, 08, 12, 15, 18, 19, 20, 25, 28, 32, 38, 39, 42, 46, 49, 51, 52, 55, 57
000257, 01, 04, 06, 07, 11, 12, 13, 22, 23, 31, 34, 35, 38, 39, 45, 46, 49, 54, 57, 59
000258, 02, 03, 04, 11, 13, 14, 17, 20, 24, 25, 27, 31, 37, 40, 42, 43, 45, 58, 59, 60
000259, 02, 05, 07, 08, 09, 11, 12, 14, 20, 26, 31, 41, 43, 48, 49, 51, 52, 56, 58, 59
000260, 01, 03, 07, 09, 13, 18, 21, 24, 25, 29, 30, 31, 32, 38, 39, 42, 45, 46, 49, 53
000261, 11, 16, 17, 18, 22, 26, 33, 36, 37, 38, 39, 42, 45, 47, 48, 50, 53, 56, 57, 60
000262, 02, 05, 06, 08, 15, 17, 22, 26, 28, 37, 38, 41, 43, 46, 49, 50, 54, 57, 59, 60
000263, 03, 06, 07, 10, 11, 20, 21, 22, 25, 30, 34, 35, 38, 42, 43, 46, 49, 52, 53, 55
000264, 02, 06, 09, 10, 13, 17, 19, 20, 24, 29, 33, 38, 41, 44, 45, 46, 49, 50, 51, 58
000265, 07, 09, 16, 19, 22, 23, 28, 29, 32, 36, 37, 40, 42, 44, 47, 48, 49, 56, 57, 60
000266, 04, 09, 11, 19, 20, 24, 26, 29, 39, 40, 45, 46, 47, 48, 50, 51, 55, 57, 59, 60
000267, 13, 19, 22, 23, 24, 25, 27, 28, 31, 34, 35, 41, 44, 46, 47, 49, 50, 51, 52, 55
000268, 02, 05, 10, 11, 14, 19, 21, 29, 30, 31, 37, 39, 40, 43, 45, 48, 49, 52, 55, 57
000269, 02, 05, 08, 10, 12, 13, 16, 17, 19, 20, 21, 22, 24, 29, 32, 38, 43, 51, 58, 60
000270, 01, 03, 04, 06, 08, 11, 20, 24, 25, 27, 32, 35, 38, 39, 42, 54, 56, 57, 58, 60
000271, 07, 16, 23, 27, 29, 30, 32, 34, 35, 36, 40, 42, 43, 45, 46, 51, 52, 55, 56, 57
000272, 05, 06, 07, 08, 11, 12, 14, 22, 24, 25, 26, 30, 34, 38, 43, 48, 49, 51, 54, 59
000273, 03, 08, 14, 15, 16, 18, 24, 25, 26, 27, 28, 30, 33, 42, 44, 45, 47, 55, 56, 58
000274, 02, 05, 08, 14, 16, 18, 19, 22, 23, 24, 28, 30, 31, 32, 37, 39, 40, 42, 48, 56
000275, 01, 06, 08, 10, 12, 14, 16, 18, 27, 28, 30, 31, 32, 34, 39, 40, 42, 49, 51, 59
000276, 02, 03, 07, 08, 09, 15, 17, 21, 24, 28, 31, 35, 43, 44, 48, 50, 52, 54, 55, 60
000277, 01, 03, 09, 12, 18, 23, 24, 26, 30, 32, 39, 41, 42, 45, 51, 52, 53, 54, 56, 60
000278, 03, 07, 09, 10, 14, 17, 19, 20, 25, 28, 30, 31, 33, 34, 39, 42, 50, 52, 53, 60
000279, 05, 09, 10, 11, 13, 16, 20, 23, 28, 29, 30, 32, 34, 36, 38, 40, 41, 42, 56, 59
000280, 03, 06, 10, 11, 13, 14, 24, 25, 26, 27, 29, 31, 42, 45, 46, 47, 50, 54, 55, 57
000281, 03, 13, 14, 15, 16, 18, 25, 28, 31, 32, 33, 38, 40, 43, 44, 45, 51, 53, 55, 57
000282, 01, 02, 09, 12, 17, 18, 19, 24, 25, 27, 29, 30, 31, 41, 45, 46, 47, 51, 55, 59
000283, 04, 10, 14, 15, 21, 22, 24, 26, 28, 30, 33, 34, 36, 38, 40, 45, 48, 50, 53, 55
000284, 02, 11, 19, 20, 21, 22, 24, 27, 32, 34, 37, 44, 48, 49, 50, 52, 56, 57, 58, 59
000285, 01, 04, 09, 22, 24, 25, 26, 27, 33, 37, 40, 42, 46, 51, 53, 54, 55, 56, 58, 60
000286, 02, 03, 04, 09, 11, 13, 15, 16, 24, 26, 35, 36, 40, 42, 47, 48, 50, 52, 53, 56
000287, 05, 09, 12, 13, 23, 24, 25, 30, 31, 32, 33, 35, 40, 41, 42, 55, 56, 57, 58, 59
000288, 03, 05, 08, 09, 11, 16, 20, 33, 37, 39, 42, 43, 45, 46, 48, 50, 54, 56, 57, 59
000289, 02, 03, 09, 13, 18, 19, 20, 24, 26, 29, 30, 35, 36, 39, 42, 43, 53, 55, 58, 60
000290, 03, 05, 07, 11, 12, 13, 16, 20, 23, 32, 34, 35, 37, 38, 40, 48, 50, 53, 57, 58
000291, 01, 08, 10, 12, 13, 17, 25, 33, 35, 36, 37, 41, 43, 46, 47, 54, 55, 56, 57, 58
000292, 01, 04, 06, 08, 10, 13, 14, 20, 24, 26, 27, 28, 29, 35, 38, 47, 49, 57, 59, 60
000293, 06, 08, 09, 21, 22, 30, 34, 35, 36, 37, 39, 40, 41, 44, 45, 47, 54, 57, 58, 59
000294, 03, 04, 06, 10, 11, 14, 19, 20, 22, 25, 29, 31, 33, 36, 38, 43, 44, 46, 49, 55
000295, 01, 06, 08, 10, 11, 12, 13, 15, 17, 18, 20, 23, 38, 42, 46, 49, 51, 52, 54, 57
000296, 03, 11, 13, 16, 17, 20, 23, 25, 29, 34, 36, 37, 39, 40, 42, 43, 46, 50, 56, 57
000297, 01, 02, 03, 04, 08, 12, 13, 14, 15, 16, 21, 23, 27, 28, 33, 42, 43, 50, 51, 60
000298, 09, 15, 16, 18, 19, 21, 22, 29, 30, 31, 37, 41, 43, 48, 53, 54, 57, 58, 59, 60
000299, 04, 06, 09, 16, 17, 18, 21, 26, 27, 31, 36, 39, 47, 49, 50, 52, 55, 56, 57, 58
000300, 01, 03, 04, 05, 07, 11, 21, 25, 27, 28, 35, 37, 41, 44, 46, 49, 51, 55, 56, 59
000301, 04, 06, 09, 13, 16, 22, 23, 31, 33, 34, 36, 37, 41, 45, 47, 48, 50, 53, 55, 58
000302, 02, 04, 05, 07, 12, 15, 17, 21, 25, 26, 31, 32, 33, 36, 40, 48, 49, 52, 54, 55
000303, 03, 05, 06, 08, 14, 21, 23, 27, 29, 30, 32, 35, 36, 39, 40, 43, 50, 52, 57, 59
000304, 02, 03, 05, 09, 15, 18, 19, 27, 29, 31, 32, 36, 39, 41, 42, 46, 47, 51, 57, 59
000305, 05, 07, 09, 16, 17, 23, 25, 29, 31, 33, 34, 35, 36, 39, 40, 47, 49, 50, 53, 57
000306, 04, 06, 08, 11, 12, 17, 19, 23, 24, 28, 30, 32, 34, 36, 42, 51, 52, 57, 58, 59
000307, 02, 03, 10, 14, 18, 20, 22, 27, 29, 31, 33, 42, 44, 48, 49, 50, 51, 56, 57, 59
000308, 01, 02, 03, 05, 06, 07, 10, 13, 20, 21, 22, 30, 36, 45, 48, 54, 55, 57, 58, 59
000309, 02, 04, 08, 09, 10, 11, 14, 16, 17, 21, 25, 27, 34, 36, 37, 38, 39, 43, 48, 54
000310, 03, 05, 06, 08, 12, 16, 17, 18, 19, 20, 22, 25, 28, 29, 30, 33, 44, 55, 58, 59
000311, 02, 05, 07, 16, 17, 21, 25, 28, 29, 38, 39, 40, 41, 43, 46, 47, 48, 52, 58, 59
000312, 01, 07, 09, 11, 13, 22, 24, 27, 30, 33, 34, 37, 38, 40, 49, 51, 53, 56, 57, 60
000313, 04, 05, 14, 17, 18, 21, 25, 26, 29, 31, 32, 35, 38, 39, 41, 42, 43, 50, 53, 59
000314, 05, 10, 11, 12, 13, 15, 17, 25, 27, 28, 35, 36, 38, 45, 48, 49, 50, 51, 56, 58
000315, 04, 08, 09, 11, 14, 17, 18, 19, 20, 22, 25, 26, 28, 36, 40, 52, 54, 55, 58, 59
000316, 01, 10, 11, 18, 20, 21, 23, 25, 32, 34, 39, 40, 41, 42, 43, 44, 49, 51, 56, 60
000317, 04, 10, 15, 16, 19, 21, 24, 25, 26, 32, 33, 35, 36, 37, 40, 44, 46, 49, 55, 60
000318, 01, 04, 05, 11, 15, 18, 19, 21, 23, 28, 29, 30, 31, 40, 44, 45, 46, 47, 55, 58
000319, 03, 04, 05, 08, 10, 11, 15, 16, 20, 21, 22, 33, 35, 40, 44, 49, 50, 52, 56, 60
000320, 08, 10, 19, 22, 24, 25, 26, 27, 28, 30, 32, 33, 40, 41, 44, 49, 51, 54, 55, 59
000321, 01, 02, 04, 08, 12, 16, 19, 20, 21, 24, 26, 29, 34, 35, 40, 41, 49, 52, 53, 54
000322, 12, 13, 15, 18, 19, 21, 22, 23, 26, 29, 31, 40, 42, 43, 45, 46, 48, 53, 54, 60
000323, 03, 04, 05, 10, 14, 18, 19, 24, 29, 33, 34, 41, 42, 48, 51, 52, 53, 54, 57, 59
000324, 06, 08, 10, 12, 13, 14, 17, 18, 19, 21, 23, 30, 44, 46, 47, 49, 50, 51, 57, 58
000325, 03, 06, 13, 17, 21, 22, 26, 29, 31, 36, 37, 38, 40, 43, 50, 51, 52, 56, 58, 60
000326, 08, 10, 11, 14, 20, 21, 24, 25, 26, 31, 32, 33, 34, 40, 44, 45, 46, 53, 55, 59
000327, 03, 05, 09, 15, 18, 23, 25, 27, 31, 32, 33, 38, 44, 47, 53, 55, 56, 57, 58, 60
000328, 04, 08, 10, 11, 12, 14, 15, 19, 20, 21, 22, 32, 34, 40, 41, 42, 45, 47, 48, 55
000329, 01, 04, 06, 09, 10, 14, 17, 19, 20, 21, 23, 27, 35, 36, 37, 38, 43, 50, 57, 60
000330, 02, 05, 06, 07, 15, 16, 17, 20, 25, 33, 34, 35, 36, 40, 41, 43, 46, 47, 52, 58
000331, 01, 03, 05, 06, 07, 08, 09, 10, 11, 14, 15, 17, 26, 30, 41, 42, 44, 45, 46, 60
000332, 03, 05, 07, 12, 18, 19, 21, 26, 30, 37, 40, 41, 42, 45, 47, 49, 51, 53, 56, 60
000333, 01, 03, 05, 06, 08, 11, 27, 28, 29, 30, 33, 36, 37, 41, 42, 43, 44, 48, 54, 58
000334, 03, 06, 13, 18, 19, 21, 22, 25, 27, 37, 41, 43, 45, 46, 52, 53, 54, 56, 58, 60
000335, 05, 13, 14, 16, 18, 21, 23, 25, 26, 27, 29, 32, 33, 42, 45, 47, 50, 53, 54, 56
000336, 02, 03, 06, 12, 20, 21, 30, 33, 34, 43, 45, 46, 47, 48, 49, 50, 52, 53, 54, 56
000337, 02, 03, 04, 08, 10, 11, 12, 13, 14, 23, 35, 39, 42, 43, 45, 47, 50, 53, 54, 59
000338, 01, 02, 03, 08, 10, 12, 13, 15, 20, 21, 24, 25, 26, 28, 34, 41, 42, 43, 50, 53
000339, 02, 04, 11, 13, 20, 22, 25, 27, 29, 30, 31, 34, 37, 38, 42, 56, 57, 58, 59, 60
000340, 02, 04, 05, 08, 12, 13, 14, 21, 22, 23, 27, 28, 30, 32, 37, 39, 44, 47, 51, 59
000341, 01, 02, 07, 10, 12, 13, 14, 16, 17, 19, 21, 25, 26, 36, 38, 45, 49, 52, 54, 57
000342, 03, 14, 18, 20, 22, 25, 27, 29, 31, 32, 33, 37, 39, 41, 42, 44, 50, 55, 57, 58
000343, 02, 04, 05, 09, 10, 11, 13, 14, 19, 22, 25, 31, 37, 40, 44, 47, 48, 50, 52, 55
000344, 04, 05, 08, 10, 14, 15, 18, 19, 21, 25, 32, 36, 37, 39, 41, 43, 44, 52, 53, 59
000345, 04, 07, 08, 12, 13, 14, 16, 23, 24, 27, 29, 31, 34, 37, 38, 40, 48, 50, 51, 57
000346, 03, 04, 06, 09, 13, 17, 19, 34, 42, 45, 46, 47, 48, 49, 50, 51, 52, 54, 55, 57
000347, 02, 05, 07, 09, 11, 17, 18, 19, 22, 26, 33, 35, 36, 37, 43, 45, 46, 52, 54, 56
000348, 11, 12, 14, 15, 16, 18, 19, 22, 23, 26, 28, 29, 30, 32, 35, 42, 45, 46, 53, 55
000349, 02, 03, 04, 15, 17, 19, 20, 21, 26, 33, 39, 42, 43, 45, 46, 47, 51, 52, 54, 59
000350, 02, 11, 13, 15, 16, 17, 23, 31, 34, 35, 37, 40, 41, 42, 43, 46, 48, 51, 52, 58
000351, 01, 02, 03, 11, 13, 14, 20, 29, 30, 33, 36, 37, 49, 50, 51, 53, 55, 56, 57, 59
000352, 02, 07, 11, 13, 16, 17, 18, 21, 23, 25, 35, 36, 37, 38, 48, 49, 50, 51, 53, 54
000353, 04, 06, 09, 14, 15, 19, 20, 21, 23, 24, 25, 31, 33, 39, 40, 45, 46, 47, 56, 59
000354, 07, 08, 13, 15, 16, 17, 18, 20, 25, 29, 30, 33, 38, 40, 41, 48, 55, 56, 57, 60
000355, 04, 10, 14, 15, 19, 20, 22, 27, 32, 34, 39, 40, 42, 43, 45, 48, 52, 55, 58, 59
000356, 04, 09, 10, 13, 16, 20, 24, 25, 26, 28, 29, 30, 36, 37, 44, 45, 46, 47, 55, 60
000357, 01, 05, 09, 10, 11, 12, 14, 18, 21, 23, 28, 30, 31, 36, 40, 41, 45, 48, 56, 59
000358, 01, 13, 14, 16, 22, 23, 24, 26, 30, 33, 36, 38, 39, 41, 43, 45, 50, 52, 55, 58
000359, 02, 03, 05, 07, 10, 13, 14, 17, 23, 30, 31, 32, 34, 35, 43, 47, 48, 49, 56, 57
000360, 01, 10, 13, 16, 17, 20, 25, 26, 29, 34, 35, 36, 37, 38, 40, 41, 52, 57, 58, 60
000361, 04, 08, 13, 14, 15, 16, 25, 26, 27, 29, 32, 35, 45, 49, 51, 52, 53, 55, 57, 58
000362, 07, 10, 12, 19, 21, 23, 25, 26, 28, 29, 35, 36, 38, 39, 40, 41, 42, 52, 53, 58
000363, 04, 05, 09, 10, 12, 16, 17, 20, 26, 27, 29, 30, 31, 34, 35, 42, 45, 52, 55, 56
000364, 02, 03, 07, 11, 15, 17, 19, 22, 23, 27, 31, 35, 41, 45, 47, 50, 51, 52, 53, 58
000365, 01, 04, 05, 08, 12, 24, 25, 31, 33, 35, 37, 41, 42, 43, 45, 48, 49, 51, 56, 59
000366, 07, 11, 12, 15, 16, 19, 20, 21, 22, 26, 27, 30, 33, 38, 44, 45, 48, 49, 52, 57
000367, 01, 02, 10, 11, 12, 15, 16, 17, 22, 24, 33, 44, 45, 47, 48, 50, 52, 54, 55, 58
000368, 02, 03, 05, 06, 11, 15, 16, 19, 20, 21, 24, 31, 32, 33, 36, 39, 43, 44, 46, 48
000369, 01, 03, 05, 08, 13, 16, 17, 18, 19, 20, 22, 25, 28, 35, 39, 40, 41, 45, 46, 60
000370, 03, 04, 07, 09, 13, 20, 24, 25, 31, 33, 34, 35, 36, 38, 42, 43, 48, 51, 54, 59
000371, 05, 06, 07, 12, 17, 23, 24, 25, 26, 28, 31, 32, 36, 41, 43, 44, 49, 55, 56, 57
000372, 09, 10, 11, 14, 17, 21, 22, 24, 25, 27, 29, 33, 36, 37, 38, 41, 43, 49, 55, 57
000373, 01, 02, 11, 12, 13, 18, 19, 22, 32, 37, 40, 41, 49, 50, 51, 53, 56, 58, 59, 60
000374, 01, 02, 03, 05, 08, 11, 15, 22, 26, 27, 28, 29, 30, 37, 40, 47, 50, 51, 54, 59
000375, 04, 05, 12, 19, 22, 23, 24, 26, 29, 30, 31, 33, 34, 35, 39, 44, 50, 54, 59, 60
000376, 04, 06, 13, 16, 18, 19, 24, 26, 28, 29, 31, 38, 39, 40, 48, 54, 55, 57, 58, 59
000377, 06, 08, 10, 12, 15, 17, 19, 23, 26, 37, 41, 42, 46, 47, 48, 51, 52, 53, 55, 59
000378, 06, 11, 14, 17, 18, 22, 23, 24, 25, 27, 28, 29, 34, 36, 42, 46, 47, 50, 53, 56
000379, 02, 03, 07, 08, 16, 20, 24, 27, 29, 34, 38, 39, 40, 47, 49, 52, 55, 57, 58, 59
000380, 05, 07, 10, 13, 16, 18, 19, 22, 26, 27, 33, 37, 39, 45, 47, 48, 50, 55, 56, 59
000381, 10, 13, 14, 15, 16, 18, 21, 23, 26, 27, 33, 34, 35, 36, 37, 44, 46, 50, 52, 54
000382, 07, 08, 10, 12, 18, 19, 21, 25, 26, 28, 30, 31, 33, 34, 35, 41, 42, 50, 51, 57
000383, 06, 07, 08, 09, 13, 17, 25, 26, 30, 32, 34, 35, 36, 39, 42, 45, 51, 52, 56, 57
000384, 01, 04, 05, 08, 11, 16, 17, 22, 28, 29, 30, 32, 33, 37, 43, 52, 53, 54, 55, 58
000385, 01, 02, 04, 12, 18, 23, 24, 29, 30, 31, 34, 39, 41, 43, 44, 46, 51, 54, 56, 58
000386, 02, 05, 06, 09, 10, 11, 17, 22, 24, 25, 27, 28, 31, 34, 35, 41, 42, 44, 50, 53
000387, 12, 14, 15, 16, 18, 19, 21, 22, 29, 30, 35, 36, 39, 43, 44, 45, 55, 56, 57, 59
000388, 01, 02, 05, 07, 13, 14, 17, 18, 32, 33, 38, 40, 44, 45, 47, 48, 50, 52, 54, 57
000389, 10, 14, 15, 20, 23, 26, 30, 32, 33, 34, 37, 38, 39, 40, 43, 45, 52, 56, 57, 60
000390, 05, 06, 07, 09, 12, 14, 15, 16, 17, 18, 25, 29, 39, 42, 43, 48, 49, 52, 53, 60
000391, 03, 07, 10, 11, 15, 17, 18, 20, 23, 24, 26, 28, 37, 39, 46, 47, 49, 51, 55, 60
000392, 02, 03, 04, 13, 14, 18, 19, 29, 30, 33, 39, 41, 43, 45, 48, 49, 52, 57, 58, 59
000393, 02, 03, 07, 08, 11, 13, 16, 21, 24, 26, 31, 34, 36, 38, 40, 43, 48, 50, 51, 56
000394, 02, 09, 13, 17, 18, 19, 22, 30, 31, 32, 33, 36, 42, 48, 51, 53, 54, 58, 59, 60
000395, 01, 17, 21, 22, 23, 27, 28, 29, 30, 38, 44, 46, 48, 50, 51, 52, 55, 56, 57, 58
000396, 06, 07, 09, 10, 14, 16, 21, 25, 30, 32, 34, 39, 40, 41, 49, 52, 55, 56, 57, 59
000397, 01, 04, 06, 09, 11, 15, 18, 24, 26, 30, 34, 36, 44, 46, 47, 49, 50, 56, 57, 58
000398, 08, 11, 13, 21, 23, 24, 25, 27, 31, 32, 35, 37, 49, 50, 52, 56, 57, 58, 59, 60
000399, 02, 05, 10, 13, 16, 17, 18, 21, 23, 24, 29, 32, 33, 34, 36, 42, 50, 53, 55, 57
000400, 01, 07, 15, 18, 21, 27, 31, 32, 34, 41, 43, 44, 45, 50, 51, 52, 54, 55, 56, 58
000401, 01, 02, 07, 13, 16, 17, 20, 22, 32, 33, 37, 41, 42, 44, 47, 49, 53, 57, 59, 60
000402, 01, 02, 05, 06, 09, 10, 12, 28, 29, 34, 36, 38, 42, 46, 48, 51, 52, 56, 58, 59
000403, 03, 14, 18, 19, 20, 30, 34, 35, 38, 39, 46, 47, 48, 50, 52, 53, 56, 57, 59, 60
000404, 02, 05, 07, 09, 10, 25, 27, 28, 29, 30, 33, 35, 36, 39, 44, 49, 56, 57, 58, 59
000405, 03, 13, 15, 18, 21, 22, 28, 29, 31, 32, 39, 40, 41, 43, 45, 48, 52, 54, 55, 56
000406, 04, 13, 18, 19, 24, 26, 30, 34, 36, 38, 39, 40, 42, 44, 46, 48, 50, 53, 54, 60
000407, 04, 06, 07, 12, 13, 15, 25, 32, 37, 40, 43, 44, 47, 50, 51, 52, 53, 56, 58, 59
000408, 01, 02, 10, 14, 19, 22, 23, 28, 31, 33, 34, 35, 39, 46, 47, 50, 51, 54, 56, 59
000409, 01, 02, 03, 04, 12, 13, 14, 16, 17, 22, 23, 25, 26, 35, 36, 43, 45, 47, 48, 49
000410, 02, 09, 11, 12, 13, 15, 16, 19, 21, 24, 26, 31, 34, 36, 40, 43, 44, 50, 54, 59
000411, 05, 07, 09, 19, 20, 23, 24, 25, 33, 38, 42, 46, 47, 49, 52, 53, 54, 56, 57, 60
000412, 03, 05, 09, 10, 11, 16, 25, 29, 30, 31, 34, 37, 40, 41, 45, 52, 56, 57, 59, 60
000413, 01, 04, 07, 09, 15, 16, 17, 18, 19, 21, 25, 41, 43, 45, 46, 49, 50, 52, 55, 56
000414, 03, 07, 11, 15, 17, 20, 23, 25, 28, 30, 34, 38, 40, 43, 49, 50, 53, 55, 56, 59
000415, 02, 06, 10, 12, 13, 15, 19, 24, 27, 28, 31, 37, 41, 45, 47, 51, 52, 54, 56, 58
000416, 04, 07, 16, 17, 19, 21, 22, 23, 25, 26, 29, 32, 33, 43, 47, 51, 52, 57, 58, 60
000417, 02, 03, 05, 09, 13, 14, 18, 19, 22, 25, 26, 27, 31, 32, 33, 34, 42, 51, 52, 53
000418, 02, 11, 12, 13, 16, 19, 21, 23, 24, 26, 27, 30, 33, 34, 35, 41, 47, 49, 52, 59
000419, 01, 06, 07, 11, 13, 14, 16, 25, 26, 27, 28, 29, 30, 44, 45, 49, 53, 55, 58, 60
000420, 01, 02, 03, 11, 12, 15, 17, 18, 24, 25, 26, 31, 32, 33, 37, 47, 49, 54, 55, 57
000421, 02, 04, 08, 09, 10, 14, 15, 19, 21, 24, 26, 31, 33, 36, 42, 46, 50, 51, 53, 56
000422, 02, 03, 04, 12, 13, 15, 17, 18, 19, 23, 27, 30, 34, 35, 38, 40, 44, 48, 49, 59
000423, 03, 07, 08, 09, 16, 19, 22, 29, 30, 34, 35, 36, 37, 39, 44, 45, 52, 53, 55, 60
000424, 01, 02, 05, 11, 14, 18, 19, 21, 23, 24, 27, 30, 43, 44, 46, 47, 51, 56, 59, 60
000425, 01, 02, 06, 07, 08, 10, 11, 18, 23, 26, 27, 31, 33, 35, 43, 44, 45, 47, 48, 58
000426, 06, 07, 13, 14, 15, 17, 22, 23, 24, 28, 30, 31, 33, 36, 38, 41, 45, 46, 54, 59
000427, 01, 08, 10, 11, 12, 13, 16, 17, 28, 30, 31, 37, 39, 42, 43, 45, 46, 53, 56, 58
000428, 01, 03, 08, 09, 17, 19, 20, 22, 23, 26, 27, 29, 32, 34, 46, 47, 49, 50, 53, 57
000429, 02, 03, 04, 07, 09, 10, 12, 13, 15, 18, 21, 25, 28, 30, 32, 35, 37, 48, 51, 54
000430, 02, 03, 20, 21, 22, 26, 27, 28, 31, 32, 35, 37, 38, 40, 47, 48, 49, 51, 56, 60
000431, 01, 12, 15, 17, 20, 21, 22, 23, 25, 30, 35, 36, 40, 41, 45, 46, 48, 49, 58, 59
000432, 02, 06, 08, 15, 18, 19, 21, 22, 25, 26, 36, 39, 48, 49, 50, 52, 53, 57, 59, 60
000433, 01, 06, 09, 11, 12, 16, 20, 21, 23, 25, 26, 27, 30, 36, 37, 39, 40, 42, 58, 60
000434, 01, 02, 05, 09, 10, 15, 17, 20, 21, 22, 24, 29, 35, 36, 38, 42, 47, 49, 50, 57
000435, 07, 09, 12, 20, 23, 24, 27, 28, 30, 32, 40, 42, 43, 48, 49, 50, 53, 55, 56, 59
000436, 04, 05, 08, 21, 23, 24, 29, 32, 33, 40, 41, 48, 49, 50, 52, 53, 54, 55, 56, 57
000437, 04, 07, 10, 12, 13, 14, 18, 20, 22, 27, 29, 30, 34, 35, 40, 42, 51, 52, 53, 57
000438, 05, 07, 09, 11, 13, 15, 16, 19, 23, 28, 33, 35, 39, 41, 42, 48, 49, 50, 53, 56
000439, 07, 08, 12, 13, 14, 15, 19, 20, 24, 25, 26, 27, 33, 34, 37, 38, 39, 54, 55, 59
000440, 07, 11, 12, 15, 23, 24, 25, 28, 33, 35, 41, 44, 45, 47, 49, 50, 52, 53, 56, 58
000441, 03, 04, 08, 12, 13, 14, 19, 23, 25, 29, 32, 36, 37, 38, 43, 44, 48, 49, 54, 57
000442, 02, 04, 05, 10, 12, 14, 20, 21, 22, 23, 27, 34, 36, 39, 40, 44, 45, 46, 47, 51
000443, 02, 04, 10, 11, 14, 32, 33, 34, 36, 37, 38, 39, 42, 47, 49, 51, 54, 55, 56, 59
000444, 01, 04, 06, 07, 09, 10, 17, 18, 20, 21, 31, 32, 33, 39, 42, 43, 50, 56, 57, 59
000445, 01, 04, 06, 07, 08, 14, 15, 18, 27, 34, 35, 39, 41, 42, 48, 49, 50, 54, 56, 59
000446, 03, 06, 08, 09, 13, 21, 23, 25, 26, 27, 28, 31, 32, 40, 49, 51, 52, 54, 57, 59
000447, 01, 03, 10, 12, 16, 17, 26, 29, 34, 35, 36, 37, 38, 42, 45, 46, 47, 48, 49, 59
000448, 01, 04, 05, 10, 11, 12, 17, 18, 24, 25, 30, 32, 33, 34, 36, 43, 44, 47, 51, 57
000449, 03, 07, 10, 12, 17, 18, 20, 21, 22, 25, 27, 35, 38, 43, 45, 47, 50, 52, 57, 58
000450, 01, 02, 04, 05, 10, 13, 17, 18, 23, 26, 33, 38, 41, 44, 49, 53, 55, 57, 58, 60
000451, 03, 04, 09, 14, 19, 21, 25, 29, 33, 40, 41, 42, 43, 48, 49, 50, 51, 52, 57, 59
000452, 07, 09, 13, 14, 15, 16, 17, 19, 28, 33, 34, 35, 37, 38, 39, 41, 42, 53, 54, 59
000453, 01, 03, 05, 06, 07, 08, 09, 10, 15, 20, 21, 29, 35, 37, 40, 43, 46, 51, 53, 55
000454, 05, 10, 11, 19, 21, 23, 28, 30, 31, 32, 36, 37, 40, 42, 43, 49, 51, 52, 56, 57
000455, 05, 06, 07, 08, 12, 15, 16, 20, 25, 27, 31, 34, 35, 37, 38, 39, 49, 50, 52, 57
000456, 02, 03, 05, 08, 10, 14, 22, 23, 26, 28, 31, 32, 38, 44, 46, 47, 50, 51, 52, 53
000457, 01, 03, 04, 05, 07, 08, 09, 11, 17, 19, 21, 23, 37, 41, 45, 47, 48, 50, 56, 58
000458, 02, 03, 07, 13, 15, 19, 20, 22, 24, 28, 29, 31, 36, 38, 43, 44, 47, 48, 49, 57
000459, 03, 05, 06, 07, 08, 10, 12, 14, 22, 24, 25, 27, 32, 35, 38, 40, 44, 46, 57, 58
000460, 04, 06, 08, 10, 13, 14, 15, 17, 26, 31, 33, 34, 36, 44, 48, 49, 50, 51, 53, 56
000461, 04, 08, 12, 14, 25, 29, 31, 35, 37, 39, 40, 43, 45, 49, 51, 53, 54, 57, 58, 60
000462, 02, 08, 10, 11, 12, 13, 14, 20, 21, 23, 26, 33, 35, 37, 40, 43, 50, 52, 58, 60
000463, 07, 08, 11, 12, 15, 16, 20, 21, 26, 30, 34, 37, 38, 43, 45, 46, 47, 51, 55, 60
000464, 05, 07, 10, 19, 23, 25, 26, 27, 29, 30, 32, 34, 38, 39, 42, 51, 53, 55, 56, 57
000465, 04, 06, 08, 12, 13, 14, 18, 20, 26, 28, 30, 31, 40, 44, 46, 50, 53, 57, 58, 59
000466, 06, 07, 11, 16, 18, 20, 23, 24, 27, 29, 32, 36, 40, 43, 45, 46, 51, 52, 54, 60
000467, 04, 06, 12, 13, 14, 15, 22, 23, 24, 31, 33, 34, 38, 39, 42, 48, 55, 58, 59, 60
000468, 12, 13, 17, 19, 23, 24, 27, 28, 29, 30, 31, 32, 34, 35, 43, 46, 48, 49, 55, 60
000469, 02, 06, 07, 08, 09, 13, 14, 17, 18, 25, 28, 31, 32, 34, 36, 43, 49, 54, 55, 57
000470, 05, 06, 07, 08, 09, 10, 13, 15, 16, 19, 28, 37, 38, 40, 42, 43, 44, 46, 48, 54
000471, 01, 02, 05, 08, 09, 22, 26, 27, 28, 31, 34, 37, 40, 42, 45, 49, 52, 55, 58, 59
000472, 04, 09, 11, 13, 15, 16, 22, 23, 24, 28, 33, 35, 37, 46, 48, 51, 54, 57, 59, 60
000473, 01, 02, 04, 05, 12, 13, 15, 17, 19, 20, 21, 29, 31, 33, 34, 43, 50, 51, 55, 57
000474, 04, 05, 08, 17, 21, 23, 26, 31, 33, 34, 35, 41, 42, 43, 45, 53, 55, 57, 58, 59
000475, 02, 04, 06, 11, 13, 14, 20, 28, 29, 34, 38, 41, 44, 46, 48, 51, 54, 55, 57, 58
000476, 07, 11, 14, 21, 24, 25, 26, 31, 32, 33, 34, 36, 37, 40, 41, 44, 47, 53, 58, 60
000477, 02, 06, 07, 10, 11, 13, 16, 17, 24, 25, 26, 29, 33, 37, 44, 45, 46, 53, 56, 59
000478, 03, 05, 08, 10, 11, 12, 20, 26, 27, 32, 37, 42, 44, 46, 47, 48, 50, 52, 55, 60
000479, 04, 05, 06, 09, 14, 15, 17, 20, 21, 28, 30, 37, 38, 43, 48, 49, 50, 53, 54, 58
000480, 06, 09, 16, 21, 27, 28, 30, 32, 34, 35, 36, 37, 39, 42, 43, 46, 47, 49, 50, 51
000481, 02, 04, 05, 06, 14, 20, 25, 26, 30, 33, 35, 39, 43, 47, 50, 51, 52, 53, 55, 59
000482, 01, 04, 07, 14, 17, 18, 19, 21, 23, 27, 32, 33, 36, 38, 43, 50, 51, 57, 58, 60
000483, 02, 05, 11, 12, 17, 19, 27, 29, 32, 35, 36, 38, 39, 40, 41, 46, 50, 52, 58, 59
000484, 02, 04, 10, 12, 21, 23, 24, 25, 29, 40, 41, 43, 44, 46, 47, 52, 53, 54, 57, 60
000485, 10, 13, 14, 15, 16, 19, 24, 26, 27, 33, 36, 37, 40, 41, 47, 48, 50, 53, 57, 60
000486, 11, 12, 15, 19, 20, 21, 23, 28, 30, 33, 36, 37, 42, 43, 45, 49, 51, 53, 54, 57
000487, 01, 02, 03, 06, 07, 08, 09, 21, 23, 24, 30, 32, 37, 40, 42, 49, 50, 52, 56, 57
000488, 10, 11, 13, 17, 18, 19, 21, 22, 23, 24, 26, 33, 35, 36, 40, 45, 48, 52, 55, 56
000489, 01, 02, 11, 14, 19, 21, 24, 29, 30, 32, 35, 36, 38, 43, 47, 48, 50, 51, 53, 57
000490, 01, 02, 03, 06, 10, 16, 18, 19, 27, 28, 31, 33, 34, 36, 37, 49, 53, 54, 55, 59
000491, 03, 06, 08, 14, 15, 21, 23, 36, 37, 40, 45, 47, 51, 52, 54, 55, 57, 58, 59, 60
000492, 03, 06, 07, 09, 11, 19, 24, 27, 29, 35, 36, 39, 40, 47, 51, 52, 55, 57, 58, 60
000493, 01, 13, 17, 18, 23, 25, 26, 29, 30, 32, 35, 38, 40, 41, 43, 44, 48, 50, 52, 55
000494, 01, 06, 10, 14, 15, 17, 18, 19, 23, 28, 30, 34, 36, 40, 42, 47, 48, 51, 57, 59
000495, 02, 03, 04, 05, 06, 08, 15, 20, 23, 26, 30, 35, 38, 42, 47, 50, 52, 55, 59, 60
000496, 01, 04, 07, 08, 18, 20, 21, 26, 27, 28, 29, 30, 40, 44, 46, 47, 52, 54, 55, 60
000497, 12, 13, 14, 17, 19, 20, 21, 22, 25, 27, 32, 34, 37, 42, 45, 47, 48, 50, 52, 59
000498, 04, 06, 08, 09, 10, 19, 22, 27, 29, 32, 33, 36, 37, 41, 46, 51, 52, 53, 54, 58
000499, 02, 03, 04, 06, 08, 12, 13, 18, 19, 26, 31, 35, 36, 37, 40, 44, 48, 49, 55, 59
000500, 03, 04, 05, 06, 10, 12, 13, 19, 21, 26, 27, 31, 33, 35, 36, 42, 45, 47, 53, 56
000501, 02, 03, 05, 08, 12, 15, 20, 27, 29, 30, 33, 37, 38, 41, 44, 45, 48, 53, 56, 57
000502, 06, 14, 19, 22, 24, 26, 27, 30, 32, 34, 35, 38, 39, 45, 49, 50, 51, 55, 56, 60
000503, 04, 07, 09, 10, 11, 20, 24, 26, 28, 30, 31, 35, 42, 45, 46, 48, 51, 53, 55, 56
000504, 04, 09, 10, 17, 18, 22, 23, 26, 28, 29, 33, 37, 39, 40, 42, 46, 47, 52, 58, 60
000505, 03, 05, 13, 16, 17, 21, 23, 30, 32, 39, 41, 44, 45, 47, 48, 50, 51, 53, 56, 58
000506, 03, 12, 16, 21, 25, 26, 27, 29, 33, 34, 41, 45, 48, 49, 50, 53, 55, 57, 58, 59
000507, 02, 03, 04, 09, 10, 14, 17, 23, 26, 28, 29, 30, 35, 37, 41, 42, 44, 46, 48, 59
000508, 04, 07, 08, 10, 19, 20, 22, 23, 25, 32, 41, 46, 47, 50, 51, 52, 57, 58, 59, 60
000509, 02, 03, 05, 06, 09, 10, 15, 19, 22, 23, 28, 38, 39, 40, 43, 45, 54, 55, 57, 58
000510, 01, 02, 05, 08, 10, 14, 15, 17, 19, 22, 33, 35, 43, 44, 46, 48, 49, 54, 58, 59
000511, 03, 09, 13, 24, 27, 28, 30, 31, 37, 41, 43, 44, 50, 51, 52, 53, 54, 58, 59, 60
000512, 06, 08, 09, 14, 16, 17, 18, 20, 27, 30, 32, 35, 40, 45, 46, 52, 56, 57, 58, 59
000513, 03, 05, 09, 10, 14, 19, 24, 27, 28, 31, 33, 35, 39, 42, 46, 47, 52, 54, 58, 60
000514, 01, 03, 07, 08, 09, 17, 18, 23, 25, 32, 37, 38, 39, 42, 43, 44, 48, 49, 51, 57
000515, 04, 09, 10, 15, 17, 19, 21, 22, 25, 26, 29, 31, 40, 43, 45, 47, 50, 52, 55, 57
000516, 01, 03, 05, 08, 09, 12, 14, 15, 17, 20, 22, 24, 34, 36, 41, 45, 46, 51, 52, 53
000517, 01, 02, 04, 07, 09, 13, 17, 19, 22, 28, 33, 34, 35, 40, 41, 43, 45, 46, 51, 55
000518, 01, 02, 04, 06, 11, 13, 18, 20, 21, 24, 29, 36, 39, 43, 44, 46, 47, 48, 55, 57
000519, 01, 02, 10, 16, 23, 24, 26, 27, 32, 34, 36, 37, 43, 45, 47, 51, 52, 58, 59, 60
000520, 01, 02, 05, 06, 08, 17, 26, 30, 32, 37, 38, 40, 41, 43, 44, 46, 53, 54, 58, 59
000521, 02, 05, 09, 11, 13, 15, 16, 17, 33, 34, 38, 39, 43, 47, 48, 50, 55, 56, 57, 60
000522, 03, 04, 05, 12, 13, 14, 15, 23, 24, 25, 27, 28, 29, 31, 32, 33, 34, 41, 52, 58
000523, 01, 05, 06, 09, 11, 15, 21, 23, 25, 32, 34, 43, 45, 47, 49, 51, 53, 55, 57, 59
000524, 06, 07, 08, 12, 16, 19, 23, 26, 32, 34, 36, 37, 38, 46, 47, 51, 52, 53, 55, 59
000525, 02, 03, 05, 13, 14, 15, 18, 19, 24, 26, 27, 31, 35, 36, 40, 42, 43, 51, 56, 60
000526, 01, 02, 03, 08, 10, 11, 13, 15, 16, 18, 20, 22, 23, 26, 28, 39, 40, 43, 48, 58
000527, 04, 06, 08, 12, 13, 17, 18, 19, 20, 23, 32, 33, 34, 37, 41, 42, 43, 44, 46, 49
000528, 01, 02, 10, 13, 16, 18, 23, 25, 27, 28, 30, 31, 32, 33, 36, 37, 39, 49, 54, 59
000529, 01, 06, 07, 14, 15, 16, 24, 25, 26, 29, 30, 31, 33, 39, 41, 42, 45, 49, 51, 57
000530, 03, 05, 06, 10, 13, 14, 16, 19, 20, 21, 23, 25, 26, 36, 43, 44, 48, 53, 57, 58
000531, 02, 08, 10, 12, 13, 15, 17, 19, 21, 24, 25, 27, 36, 38, 39, 42, 49, 52, 53, 57
000532, 01, 02, 06, 08, 12, 15, 26, 27, 31, 36, 39, 40, 41, 46, 47, 50, 51, 52, 53, 58
000533, 01, 08, 10, 11, 13, 14, 16, 20, 25, 28, 34, 37, 44, 47, 48, 50, 52, 54, 55, 58
000534, 03, 04, 05, 06, 14, 15, 18, 20, 21, 31, 35, 37, 38, 42, 44, 46, 50, 55, 56, 58
000535, 03, 04, 07, 12, 14, 15, 17, 21, 22, 28, 30, 36, 39, 43, 44, 49, 52, 55, 57, 60
000536, 01, 09, 11, 14, 18, 19, 21, 27, 29, 31, 33, 35, 40, 41, 42, 45, 47, 55, 57, 60
000537, 02, 09, 11, 14, 16, 18, 20, 23, 27, 28, 32, 34, 38, 39, 40, 41, 46, 53, 57, 60
000538, 04, 07, 10, 13, 14, 15, 23, 25, 26, 29, 30, 37, 43, 44, 49, 50, 54, 56, 57, 58
000539, 02, 04, 05, 11, 20, 21, 22, 23, 26, 29, 32, 35, 39, 43, 45, 46, 52, 53, 54, 59
000540, 01, 02, 03, 06, 08, 13, 21, 28, 31, 33, 35, 36, 38, 41, 43, 46, 48, 51, 59, 60
000541, 04, 10, 11, 12, 13, 19, 25, 28, 29, 34, 42, 46, 47, 51, 52, 53, 57, 58, 59, 60
000542, 01, 02, 04, 08, 14, 17, 21, 24, 28, 30, 31, 36, 37, 40, 41, 42, 44, 48, 49, 58
000543, 04, 05, 08, 19, 22, 34, 36, 38, 39, 40, 43, 46, 48, 51, 53, 54, 55, 56, 58, 59
000544, 04, 10, 11, 12, 16, 19, 20, 21, 22, 23, 30, 32, 33, 38, 39, 44, 45, 51, 54, 58
000545, 01, 02, 18, 21, 29, 31, 34, 35, 37, 39, 44, 48, 49, 50, 52, 54, 56, 57, 58, 60
000546, 01, 06, 09, 14, 17, 19, 22, 26, 29, 31, 36, 37, 40, 41, 43, 44, 50, 51, 54, 55
000547, 01, 02, 08, 12, 13, 15, 18, 19, 22, 26, 27, 28, 34, 38, 41, 43, 49, 52, 53, 56
000548, 01, 02, 04, 08, 12, 14, 15, 16, 20, 23, 28, 33, 35, 37, 42, 49, 50, 51, 57, 59
000549, 04, 06, 08, 11, 16, 18, 19, 20, 24, 25, 30, 37, 38, 40, 42, 47, 50, 52, 53, 58
000550, 02, 03, 05, 08, 11, 12, 14, 16, 23, 26, 29, 32, 33, 36, 41, 42, 43, 44, 50, 56
000551, 06, 08, 13, 16, 23, 25, 26, 29, 32, 34, 41, 42, 43, 46, 47, 49, 53, 55, 56, 58
000552, 02, 07, 10, 12, 13, 23, 25, 27, 29, 31, 35, 38, 43, 47, 49, 51, 53, 58, 59, 60
000553, 05, 08, 15, 16, 18, 26, 27, 29, 32, 33, 34, 35, 41, 45, 47, 48, 49, 51, 59, 60
000554, 05, 07, 10, 11, 12, 14, 17, 20, 22, 23, 28, 30, 31, 34, 36, 40, 47, 54, 57, 60
000555, 01, 03, 07, 11, 12, 15, 19, 21, 22, 24, 25, 26, 29, 36, 38, 41, 44, 48, 52, 58
000556, 01, 03, 10, 12, 17, 18, 21, 22, 23, 24, 25, 26, 28, 30, 33, 39, 40, 47, 49, 57
000557, 06, 09, 12, 17, 19, 21, 25, 30, 38, 43, 45, 46, 47, 49, 51, 53, 54, 55, 58, 59
000558, 01, 03, 08, 10, 12, 13, 21, 25, 26, 33, 37, 40, 41, 44, 45, 46, 56, 57, 59, 60
000559, 05, 07, 11, 12, 13, 14, 15, 18, 19, 23, 25, 26, 27, 35, 37, 49, 52, 53, 54, 55
000560, 01, 03, 07, 11, 13, 15, 18, 19, 20, 24, 33, 36, 38, 41, 42, 47, 52, 56, 58, 59
000561, 03, 06, 07, 08, 10, 15, 17, 20, 22, 23, 24, 30, 32, 39, 44, 45, 46, 47, 50, 53
000562, 03, 06, 07, 09, 10, 13, 15, 17, 22, 24, 25, 35, 37, 41, 44, 45, 49, 50, 52, 55
000563, 01, 11, 14, 16, 17, 19, 23, 24, 28, 29, 30, 31, 32, 37, 41, 42, 45, 49, 51, 53
000564, 01, 05, 11, 18, 19, 23, 24, 25, 27, 29, 33, 35, 37, 41, 46, 49, 52, 53, 59, 60
000565, 01, 04, 06, 08, 11, 12, 13, 14, 16, 17, 20, 21, 22, 24, 30, 41, 42, 43, 48, 59
000566, 01, 04, 05, 06, 08, 09, 11, 12, 13, 16, 26, 27, 37, 38, 40, 43, 51, 55, 56, 57
000567, 01, 04, 12, 14, 16, 18, 19, 22, 23, 24, 28, 35, 36, 39, 40, 44, 46, 49, 51, 59
000568, 02, 03, 04, 11, 12, 13, 15, 16, 17, 23, 25, 28, 30, 34, 35, 37, 44, 47, 51, 54
000569, 10, 12, 13, 15, 18, 21, 24, 25, 28, 33, 34, 38, 40, 41, 42, 45, 52, 53, 54, 56
000570, 04, 06, 09, 11, 12, 17, 20, 22, 23, 29, 30, 35, 42, 44, 49, 50, 51, 52, 55, 60
000571, 04, 05, 09, 10, 11, 14, 18, 20, 25, 26, 27, 29, 33, 38, 46, 52, 55, 58, 59, 60
000572, 09, 10, 11, 13, 18, 19, 20, 24, 27, 30, 33, 37, 43, 44, 46, 47, 50, 52, 58, 60
000573, 06, 09, 13, 14, 16, 17, 28, 31, 37, 38, 42, 46, 49, 50, 51, 52, 53, 54, 57, 60
000574, 04, 06, 09, 13, 16, 19, 20, 21, 22, 27, 28, 29, 32, 36, 39, 41, 48, 49, 50, 60
000575, 03, 05, 07, 09, 11, 14, 15, 18, 22, 23, 28, 29, 31, 39, 45, 47, 49, 53, 54, 56
000576, 01, 04, 05, 06, 10, 14, 16, 20, 25, 26, 28, 34, 37, 43, 48, 49, 51, 57, 58, 59
000577, 01, 02, 04, 06, 11, 17, 18, 20, 21, 23, 27, 29, 30, 32, 39, 40, 44, 47, 48, 51
000578, 01, 02, 10, 14, 15, 17, 20, 23, 24, 29, 35, 36, 38, 42, 44, 51, 52, 53, 55, 56
000579, 04, 08, 15, 17, 19, 24, 26, 28, 31, 33, 35, 36, 37, 40, 41, 44, 48, 53, 54, 57
000580, 05, 07, 10, 14, 17, 19, 22, 26, 29, 33, 37, 38, 41, 46, 47, 49, 50, 53, 54, 57
000581, 03, 04, 06, 08, 11, 14, 15, 16, 19, 20, 22, 25, 26, 33, 37, 39, 40, 41, 47, 60
000582, 01, 02, 03, 07, 15, 23, 25, 30, 37, 38, 40, 42, 44, 47, 49, 53, 55, 56, 59, 60
000583, 06, 15, 17, 19, 21, 23, 24, 27, 31, 32, 33, 43, 47, 49, 51, 52, 53, 54, 55, 57
000584, 09, 11, 12, 13, 16, 17, 18, 20, 21, 28, 31, 32, 33, 35, 36, 37, 38, 51, 56, 57
000585, 02, 03, 05, 07, 14, 20, 27, 29, 32, 33, 35, 38, 43, 46, 47, 49, 50, 56, 58, 60
000586, 04, 06, 08, 14, 17, 29, 30, 32, 33, 37, 39, 40, 42, 44, 47, 52, 53, 55, 57, 60
000587, 02, 07, 09, 12, 13, 23, 25, 27, 35, 39, 40, 41, 42, 43, 44, 48, 51, 52, 54, 59
000588, 03, 05, 08, 11, 13, 16, 19, 20, 21, 23, 27, 28, 29, 40, 49, 53, 54, 57, 58, 59
000589, 02, 03, 04, 09, 12, 14, 15, 16, 25, 26, 31, 36, 40, 45, 47, 52, 53, 54, 55, 58
000590, 01, 02, 04, 08, 16, 20, 25, 26, 30, 31, 34, 37, 39, 40, 42, 44, 45, 52, 55, 57
000591, 03, 07, 10, 12, 14, 15, 16, 22, 28, 32, 35, 37, 43, 45, 46, 47, 50, 52, 56, 57
000592, 05, 06, 09, 10, 11, 13, 15, 16, 30, 32, 33, 34, 39, 41, 43, 44, 54, 55, 56, 59
000593, 08, 09, 10, 11, 12, 13, 14, 21, 23, 24, 28, 31, 37, 39, 42, 44, 45, 50, 51, 57
000594, 04, 06, 10, 13, 23, 24, 26, 29, 31, 32, 38, 41, 45, 47, 51, 52, 53, 55, 57, 60
000595, 06, 09, 12, 14, 15, 22, 25, 27, 30, 31, 34, 43, 45, 48, 51, 53, 56, 57, 58, 60
000596, 01, 02, 03, 06, 08, 10, 14, 16, 18, 20, 23, 28, 35, 37, 48, 51, 53, 54, 55, 59
000597, 02, 10, 12, 14, 17, 18, 19, 20, 27, 28, 30, 31, 32, 33, 40, 44, 45, 53, 55, 59
000598, 02, 06, 08, 09, 15, 18, 24, 26, 28, 35, 37, 39, 41, 47, 51, 52, 57, 58, 59, 60
000599, 02, 05, 06, 11, 12, 13, 14, 18, 20, 21, 22, 23, 25, 31, 42, 43, 48, 50, 51, 53
000600, 04, 05, 06, 08, 10, 12, 13, 15, 20, 21, 22, 27, 33, 36, 39, 42, 43, 46, 47, 52
000601, 02, 04, 09, 11, 15, 17, 18, 25, 28, 36, 39, 40, 41, 43, 50, 53, 54, 57, 59, 60
000602, 02, 07, 11, 12, 14, 17, 20, 27, 30, 32, 33, 35, 36, 45, 52, 54, 56, 58, 59, 60
000603, 01, 06, 07, 13, 14, 16, 17, 20, 21, 23, 28, 40, 42, 43, 44, 47, 48, 50, 55, 59
000604, 02, 04, 07, 10, 13, 18, 19, 20, 23, 27, 28, 29, 35, 38, 40, 42, 47, 50, 54, 57
000605, 02, 05, 07, 08, 10, 12, 14, 18, 24, 26, 29, 33, 39, 40, 41, 47, 49, 50, 53, 56
000606, 04, 13, 14, 20, 26, 27, 28, 29, 30, 31, 32, 35, 38, 39, 42, 45, 49, 50, 57, 58
000607, 05, 07, 08, 09, 11, 15, 18, 23, 25, 26, 27, 29, 30, 35, 36, 39, 41, 48, 49, 50
000608, 02, 03, 05, 09, 17, 18, 19, 27, 30, 31, 33, 38, 40, 42, 43, 44, 46, 47, 52, 58
000609, 01, 02, 06, 08, 12, 16, 19, 22, 27, 29, 30, 31, 42, 46, 47, 49, 52, 53, 58, 59
000610, 02, 04, 12, 13, 15, 16, 19, 21, 22, 27, 34, 36, 39, 42, 49, 50, 51, 56, 57, 59
000611, 02, 04, 08, 13, 15, 17, 18, 20, 22, 25, 28, 31, 32, 38, 43, 45, 46, 49, 53, 58
000612, 04, 05, 06, 07, 08, 10, 11, 17, 18, 20, 25, 37, 38, 42, 45, 52, 54, 55, 56, 57
000613, 04, 05, 08, 12, 16, 21, 22, 23, 30, 31, 32, 36, 37, 41, 42, 45, 50, 55, 56, 58
000614, 01, 03, 05, 06, 10, 11, 17, 21, 22, 23, 24, 25, 31, 36, 39, 41, 43, 45, 49, 55
000615, 01, 02, 05, 08, 12, 13, 17, 18, 22, 24, 26, 28, 31, 35, 42, 50, 53, 57, 58, 60
000616, 07, 09, 10, 12, 14, 19, 23, 25, 27, 28, 29, 32, 39, 40, 41, 42, 43, 51, 57, 60
000617, 01, 03, 09, 10, 15, 24, 31, 32, 34, 35, 37, 38, 41, 45, 46, 47, 49, 50, 51, 58
000618, 02, 04, 06, 07, 10, 11, 13, 18, 23, 24, 27, 38, 40, 44, 45, 50, 54, 55, 56, 60
000619, 05, 07, 09, 12, 14, 17, 18, 22, 23, 28, 29, 30, 33, 37, 40, 41, 51, 53, 58, 59
000620, 01, 04, 06, 08, 09, 11, 12, 13, 28, 30, 34, 35, 36, 37, 44, 48, 51, 55, 56, 59
000621, 03, 07, 08, 10, 19, 24, 26, 27, 28, 29, 33, 39, 40, 45, 52, 53, 54, 56, 58, 59
000622, 02, 03, 07, 09, 14, 15, 17, 23, 24, 31, 35, 36, 39, 40, 41, 46, 53, 54, 55, 58
000623, 03, 07, 08, 10, 12, 18, 19, 21, 23, 25, 29, 31, 35, 40, 43, 44, 45, 49, 58, 59
000624, 01, 03, 07, 09, 10, 13, 15, 17, 21, 23, 28, 29, 31, 35, 45, 46, 47, 53, 54, 57
000625, 02, 08, 09, 11, 15, 18, 20, 25, 35, 36, 37, 38, 39, 42, 47, 51, 52, 53, 57, 59
000626, 01, 02, 03, 04, 09, 10, 13, 22, 26, 28, 29, 33, 39, 40, 41, 44, 48, 56, 59, 60
000627, 01, 02, 06, 09, 12, 14, 17, 25, 27, 28, 29, 33, 39, 44, 48, 50, 53, 54, 55, 56
000628, 02, 03, 06, 07, 08, 12, 13, 16, 17, 21, 23, 26, 34, 36, 37, 39, 47, 53, 55, 57
000629, 01, 02, 03, 04, 10, 19, 21, 25, 28, 29, 32, 34, 37, 38, 41, 43, 44, 48, 50, 55
000630, 05, 11, 12, 17, 18, 25, 28, 34, 35, 36, 38, 41, 42, 43, 44, 46, 52, 55, 56, 58
000631, 03, 05, 11, 15, 18, 19, 21, 24, 27, 30, 31, 32, 33, 35, 39, 42, 46, 47, 49, 59
000632, 03, 12, 13, 20, 21, 27, 28, 29, 31, 32, 33, 34, 36, 39, 45, 47, 50, 53, 58, 59
000633, 04, 07, 08, 09, 13, 17, 18, 28, 30, 31, 32, 33, 36, 37, 43, 47, 50, 51, 56, 59
000634, 06, 08, 10, 13, 15, 17, 25, 27, 30, 31, 33, 37, 38, 39, 45, 46, 48, 51, 54, 56
000635, 09, 10, 11, 14, 16, 23, 35, 39, 40, 41, 43, 45, 47, 48, 51, 52, 55, 56, 58, 60
000636, 03, 08, 10, 12, 14, 16, 19, 20, 23, 28, 29, 33, 37, 38, 39, 41, 42, 57, 58, 60
000637, 01, 04, 24, 25, 27, 28, 30, 32, 34, 36, 37, 38, 40, 41, 42, 46, 48, 54, 57, 59
000638, 01, 03, 04, 07, 11, 20, 21, 25, 30, 34, 35, 37, 41, 43, 44, 48, 50, 53, 56, 58
000639, 04, 06, 10, 15, 16, 18, 19, 22, 26, 29, 40, 43, 44, 46, 49, 51, 53, 55, 57, 58
000640, 02, 07, 13, 14, 18, 19, 23, 24, 25, 26, 28, 29, 32, 44, 48, 49, 51, 53, 57, 58
000641, 01, 09, 10, 12, 25, 30, 31, 32, 33, 35, 38, 40, 44, 45, 46, 48, 49, 52, 55, 60
000642, 01, 03, 04, 05, 06, 07, 11, 13, 14, 16, 20, 21, 23, 35, 36, 43, 44, 46, 53, 59
000643, 02, 03, 06, 07, 11, 14, 15, 18, 20, 22, 24, 25, 26, 27, 35, 36, 37, 38, 40, 53
000644, 04, 13, 19, 21, 22, 24, 27, 29, 30, 35, 38, 39, 40, 43, 47, 49, 51, 53, 56, 57
000645, 03, 12, 14, 16, 19, 21, 25, 27, 29, 31, 36, 37, 40, 41, 44, 52, 53, 56, 59, 60
000646, 01, 05, 07, 10, 13, 15, 20, 27, 28, 32, 34, 35, 39, 40, 47, 49, 53, 56, 58, 59
000647, 02, 03, 04, 07, 08, 09, 11, 12, 15, 23, 35, 36, 37, 38, 45, 47, 49, 54, 55, 59
000648, 05, 06, 08, 10, 12, 21, 22, 25, 29, 36, 37, 38, 40, 41, 45, 48, 50, 51, 53, 59
000649, 04, 07, 14, 15, 16, 20, 23, 24, 25, 26, 27, 28, 29, 30, 34, 42, 44, 47, 55, 56
000650, 03, 10, 11, 12, 15, 16, 17, 24, 27, 32, 34, 35, 41, 44, 48, 49, 51, 55, 59, 60
000651, 06, 09, 13, 16, 24, 25, 27, 28, 32, 34, 35, 38, 42, 43, 45, 49, 52, 53, 55, 57
000652, 01, 02, 04, 05, 06, 16, 18, 19, 20, 22, 23, 39, 41, 44, 46, 52, 53, 58, 59, 60
000653, 04, 10, 13, 14, 17, 18, 23, 28, 30, 31, 37, 38, 41, 45, 46, 48, 50, 52, 54, 59
000654, 02, 03, 04, 05, 09, 10, 11, 12, 20, 27, 28, 32, 33, 38, 46, 48, 49, 50, 58, 60
000655, 16, 18, 23, 24, 29, 30, 32, 33, 35, 37, 38, 41, 43, 44, 48, 49, 50, 51, 57, 59
000656, 05, 10, 11, 12, 13, 16, 22, 30, 32, 36, 41, 42, 43, 48, 50, 53, 54, 55, 56, 59
000657, 09, 11, 12, 13, 14, 15, 17, 18, 20, 22, 24, 26, 30, 32, 36, 45, 49, 50, 52, 53
000658, 02, 04, 09, 18, 20, 21, 22, 27, 28, 30, 31, 33, 37, 41, 42, 47, 49, 51, 54, 55
000659, 03, 10, 14, 15, 18, 24, 32, 33, 34, 35, 36, 38, 39, 40, 41, 43, 45, 52, 58, 59
000660, 02, 03, 08, 09, 10, 11, 12, 17, 22, 29, 30, 31, 36, 38, 40, 42, 46, 47, 49, 52
000661, 01, 03, 04, 06, 09, 10, 13, 17, 28, 29, 30, 36, 43, 46, 49, 51, 52, 57, 59, 60
000662, 05, 08, 18, 19, 27, 30, 33, 39, 40, 41, 44, 47, 50, 51, 53, 54, 56, 57, 59, 60
000663, 01, 02, 03, 04, 05, 09, 17, 24, 32, 33, 36, 38, 41, 45, 46, 48, 52, 54, 58, 59
000664, 02, 06, 09, 10, 11, 12, 20, 22, 28, 31, 33, 37, 38, 43, 44, 48, 50, 51, 56, 57
000665, 01, 03, 04, 10, 16, 18, 21, 22, 26, 27, 33, 39, 40, 44, 47, 48, 51, 53, 56, 58
000666, 08, 11, 22, 23, 24, 28, 33, 34, 36, 37, 38, 41, 46, 47, 48, 53, 54, 57, 59, 60
000667, 03, 10, 13, 15, 17, 21, 22, 23, 24, 25, 32, 36, 41, 44, 45, 49, 50, 55, 56, 58
000668, 01, 06, 07, 10, 13, 19, 21, 24, 26, 36, 38, 42, 43, 45, 49, 52, 55, 56, 57, 58
000669, 01, 03, 09, 10, 11, 14, 15, 16, 20, 21, 22, 24, 25, 26, 29, 31, 34, 37, 44, 59
000670, 05, 08, 09, 15, 22, 24, 25, 26, 33, 34, 37, 38, 43, 44, 45, 47, 49, 50, 58, 60
000671, 03, 10, 12, 23, 26, 27, 28, 30, 36, 37, 38, 41, 44, 47, 49, 51, 52, 55, 56, 58
000672, 01, 08, 11, 15, 17, 20, 21, 24, 29, 32, 33, 36, 42, 43, 44, 48, 49, 50, 57, 58
000673, 01, 02, 04, 07, 12, 14, 16, 21, 23, 33, 34, 37, 38, 41, 47, 50, 51, 52, 56, 59
000674, 02, 05, 09, 12, 16, 17, 25, 27, 28, 29, 32, 33, 36, 37, 38, 43, 45, 49, 56, 57
000675, 01, 03, 04, 06, 07, 09, 13, 14, 16, 17, 18, 19, 21, 32, 33, 34, 35, 43, 45, 60
000676, 01, 06, 08, 16, 17, 19, 23, 24, 26, 27, 31, 35, 37, 39, 43, 49, 51, 54, 56, 57
000677, 04, 06, 07, 14, 15, 16, 21, 22, 24, 34, 36, 37, 38, 39, 41, 42, 46, 54, 58, 59
000678, 04, 05, 07, 19, 22, 25, 26, 29, 30, 32, 33, 36, 43, 49, 50, 52, 54, 56, 57, 59
000679, 02, 03, 07, 08, 12, 15, 21, 23, 26, 36, 39, 40, 42, 49, 50, 51, 53, 55, 59, 60
000680, 02, 03, 04, 08, 09, 13, 16, 22, 28, 30, 37, 46, 48, 50, 51, 52, 54, 56, 57, 59
000681, 03, 05, 10, 11, 12, 19, 22, 26, 27, 28, 31, 32, 34, 35, 37, 38, 40, 42, 47, 52
000682, 02, 04, 05, 06, 07, 08, 12, 15, 18, 21, 22, 30, 31, 32, 33, 38, 46, 48, 53, 60
000683, 01, 04, 11, 21, 24, 25, 26, 29, 31, 32, 36, 38, 40, 45, 47, 48, 52, 55, 56, 58
000684, 02, 06, 09, 10, 13, 14, 17, 18, 20, 21, 23, 28, 29, 33, 35, 38, 41, 44, 46, 51
000685, 05, 12, 13, 17, 18, 20, 24, 28, 32, 35, 39, 41, 44, 46, 48, 52, 55, 58, 59, 60
000686, 04, 09, 11, 17, 20, 21, 22, 24, 25, 26, 27, 33, 44, 45, 47, 48, 51, 52, 53, 58
000687, 04, 11, 12, 13, 17, 18, 19, 20, 21, 26, 27, 32, 33, 37, 39, 43, 45, 46, 53, 56
000688, 01, 02, 03, 07, 10, 12, 13, 20, 26, 27, 30, 31, 37, 45, 46, 51, 52, 56, 57, 59
000689, 05, 06, 09, 15, 17, 19, 20, 22, 24, 26, 28, 31, 32, 40, 41, 47, 50, 54, 59, 60
000690, 07, 09, 12, 14, 15, 20, 21, 22, 23, 26, 28, 31, 38, 39, 42, 44, 50, 52, 54, 55
000691, 01, 02, 07, 08, 09, 10, 15, 17, 19, 20, 23, 24, 33, 35, 37, 42, 44, 55, 56, 59
000692, 01, 02, 06, 12, 14, 15, 16, 20, 23, 24, 28, 35, 40, 43, 48, 50, 51, 52, 53, 60
000693, 01, 03, 08, 10, 11, 13, 14, 15, 17, 23, 32, 35, 44, 45, 50, 53, 55, 57, 59, 60
000694, 01, 02, 07, 08, 09, 13, 18, 20, 24, 31, 37, 40, 44, 45, 46, 49, 54, 58, 59, 60
000695, 04, 06, 12, 16, 17, 19, 20, 21, 23, 24, 26, 28, 32, 41, 43, 44, 45, 53, 54, 56
000696, 02, 03, 06, 07, 08, 09, 10, 11, 14, 15, 18, 20, 22, 24, 30, 33, 43, 44, 48, 51
000697, 01, 03, 10, 16, 22, 26, 28, 29, 30, 34, 35, 36, 38, 43, 47, 55, 56, 57, 58, 59
000698, 09, 11, 14, 21, 23, 24, 25, 26, 27, 32, 38, 39, 40, 43, 44, 47, 51, 52, 53, 60
000699, 07, 10, 13, 15, 18, 22, 24, 26, 27, 30, 36, 38, 39, 43, 45, 49, 50, 51, 54, 55
000700, 01, 04, 06, 07, 08, 14, 15, 19, 21, 23, 26, 28, 31, 36, 47, 53, 54, 55, 58, 60
000701, 05, 09, 12, 13, 15, 18, 19, 24, 25, 28, 31, 33, 36, 42, 45, 48, 49, 52, 57, 60
000702, 02, 03, 20, 22, 23, 26, 29, 31, 35, 36, 41, 42, 44, 45, 46, 48, 49, 50, 57, 60
000703, 02, 09, 12, 14, 15, 20, 22, 29, 33, 34, 35, 41, 45, 46, 47, 50, 53, 55, 59, 60
000704, 01, 02, 03, 07, 10, 12, 20, 22, 25, 26, 30, 35, 36, 37, 45, 47, 50, 52, 53, 58
000705, 04, 09, 15, 17, 23, 24, 28, 30, 34, 35, 39, 40, 42, 46, 48, 52, 53, 55, 56, 58
000706, 03, 05, 13, 14, 16, 17, 18, 19, 23, 29, 32, 35, 46, 49, 50, 51, 52, 53, 54, 55
000707, 03, 12, 13, 14, 16, 19, 23, 27, 34, 35, 39, 41, 43, 45, 46, 47, 48, 49, 51, 54
000708, 01, 03, 05, 06, 10, 12, 15, 24, 30, 32, 34, 35, 38, 42, 46, 47, 48, 51, 52, 53
000709, 03, 04, 05, 07, 09, 12, 13, 17, 27, 30, 32, 33, 34, 35, 38, 46, 50, 56, 59, 60
000710, 03, 08, 12, 15, 21, 26, 27, 35, 37, 38, 39, 41, 42, 44, 45, 48, 54, 56, 58, 59
000711, 04, 05, 09, 13, 16, 19, 20, 22, 23, 25, 30, 33, 38, 42, 43, 44, 47, 48, 52, 59
000712, 03, 04, 20, 21, 23, 24, 26, 27, 28, 33, 34, 37, 41, 42, 43, 44, 47, 52, 53, 60
000713, 01, 02, 05, 07, 11, 12, 16, 17, 24, 31, 32, 35, 41, 43, 49, 50, 53, 55, 57, 59
000714, 01, 03, 04, 05, 07, 13, 15, 24, 26, 28, 36, 41, 45, 46, 48, 49, 50, 51, 52, 53
000715, 18, 20, 23, 26, 32, 34, 35, 39, 41, 45, 48, 49, 51, 54, 55, 56, 57, 58, 59, 60
000716, 01, 03, 04, 07, 09, 18, 23, 25, 26, 27, 28, 31, 36, 41, 46, 47, 49, 50, 54, 55
000717, 02, 03, 06, 12, 15, 18, 19, 20, 23, 27, 34, 37, 38, 40, 42, 49, 51, 57, 59, 60
000718, 01, 03, 14, 18, 20, 22, 23, 25, 26, 27, 32, 37, 39, 44, 48, 49, 51, 56, 57, 58
000719, 03, 05, 12, 16, 19, 23, 24, 25, 28, 29, 32, 39, 42, 43, 51, 53, 54, 56, 58, 60
000720, 04, 06, 07, 08, 09, 11, 17, 18, 20, 21, 25, 36, 38, 46, 47, 48, 49, 50, 51, 58
000721, 01, 02, 03, 04, 05, 07, 13, 14, 18, 20, 25, 26, 27, 33, 37, 44, 48, 50, 51, 53
000722, 07, 11, 16, 21, 28, 30, 31, 33, 34, 35, 36, 39, 40, 44, 47, 48, 49, 56, 57, 60
000723, 01, 02, 06, 08, 09, 13, 14, 20, 21, 22, 27, 28, 33, 34, 39, 41, 44, 49, 56, 60
000724, 03, 06, 14, 19, 21, 22, 25, 27, 28, 30, 36, 37, 40, 42, 44, 45, 48, 50, 54, 55
000725, 01, 04, 06, 07, 09, 15, 16, 18, 22, 24, 25, 26, 28, 32, 33, 36, 43, 49, 52, 59
000726, 04, 08, 13, 14, 15, 20, 23, 30, 32, 33, 36, 37, 41, 43, 46, 47, 49, 55, 56, 57
000727, 03, 04, 06, 07, 08, 12, 13, 14, 15, 28, 30, 41, 43, 44, 46, 47, 49, 53, 54, 58
000728, 01, 15, 17, 21, 23, 24, 25, 26, 31, 33, 40, 42, 44, 45, 49, 51, 52, 53, 55, 60
000729, 05, 09, 14, 18, 22, 23, 25, 26, 28, 29, 32, 33, 34, 36, 42, 44, 46, 49, 54, 55
000730, 03, 15, 16, 19, 21, 22, 23, 25, 26, 35, 38, 40, 42, 44, 45, 46, 47, 51, 52, 53
000731, 02, 03, 15, 16, 19, 20, 22, 24, 25, 26, 28, 32, 34, 37, 38, 39, 40, 41, 45, 53
000732, 01, 05, 10, 15, 17, 18, 20, 21, 22, 24, 25, 26, 34, 36, 43, 48, 49, 52, 53, 56
000733, 01, 06, 09, 11, 15, 18, 19, 21, 26, 28, 29, 31, 38, 39, 43, 46, 50, 54, 56, 57
000734, 01, 04, 05, 11, 12, 17, 22, 23, 29, 35, 36, 38, 40, 44, 49, 50, 52, 56, 57, 60
000735, 01, 03, 07, 16, 18, 20, 26, 30, 34, 38, 39, 44, 45, 46, 48, 49, 50, 53, 55, 57
000736, 03, 04, 05, 07, 10, 12, 13, 21, 23, 27, 30, 38, 42, 44, 47, 51, 52, 54, 56, 58
000737, 02, 03, 04, 09, 10, 11, 14, 20, 26, 27, 29, 37, 38, 43, 45, 49, 51, 52, 54, 57
000738, 02, 03, 07, 08, 12, 15, 17, 18, 22, 24, 25, 37, 39, 45, 46, 49, 50, 53, 56, 57
000739, 03, 07, 10, 14, 20, 21, 23, 24, 26, 28, 32, 40, 41, 42, 43, 47, 54, 57, 58, 59
000740, 01, 06, 07, 08, 11, 13, 17, 18, 20, 21, 24, 26, 27, 31, 34, 36, 41, 46, 49, 53
000741, 02, 10, 11, 14, 16, 17, 22, 27, 29, 30, 36, 39, 43, 45, 46, 47, 48, 49, 51, 54
000742, 02, 09, 11, 17, 18, 26, 28, 30, 31, 36, 37, 41, 42, 43, 44, 48, 52, 54, 57, 60
000743, 07, 14, 16, 18, 22, 23, 27, 31, 32, 33, 35, 39, 42, 43, 45, 47, 53, 54, 55, 60
000744, 01, 02, 04, 05, 06, 08, 09, 16, 21, 23, 26, 28, 30, 31, 33, 42, 44, 50, 52, 55
000745, 02, 06, 08, 11, 13, 15, 16, 20, 25, 26, 27, 29, 30, 33, 35, 47, 51, 52, 54, 57
000746, 03, 04, 12, 14, 15, 16, 17, 18, 19, 22, 29, 31, 34, 43, 44, 47, 48, 55, 59, 60
000747, 02, 03, 05, 09, 10, 12, 14, 15, 25, 33, 35, 36, 49, 51, 53, 54, 55, 58, 59, 60
000748, 01, 03, 14, 15, 17, 19, 29, 34, 40, 41, 45, 49, 50, 51, 53, 54, 55, 56, 58, 60
000749, 03, 04, 10, 12, 14, 18, 20, 25, 26, 27, 29, 32, 34, 38, 42, 43, 52, 54, 59, 60
000750, 01, 02, 04, 08, 13, 24, 25, 33, 35, 36, 38, 41, 42, 43, 44, 45, 50, 52, 58, 60
000751, 02, 03, 08, 11, 14, 15, 16, 17, 19, 21, 28, 29, 30, 31, 32, 37, 40, 50, 53, 55
000752, 01, 02, 03, 07, 08, 09, 10, 12, 16, 17, 20, 44, 46, 47, 51, 52, 56, 57, 58, 59
000753, 02, 06, 12, 19, 20, 21, 24, 27, 28, 32, 35, 38, 42, 43, 49, 52, 53, 56, 57, 58
000754, 01, 02, 04, 09, 10, 19, 26, 27, 28, 34, 38, 39, 43, 46, 47, 49, 51, 52, 54, 58
000755, 08, 13, 14, 15, 17, 18, 19, 20, 23, 25, 36, 38, 40, 41, 43, 46, 50, 52, 56, 59
000756, 06, 08, 09, 11, 12, 16, 20, 23, 24, 34, 41, 44, 47, 48, 49, 50, 51, 55, 57, 60
000757, 02, 05, 08, 09, 18, 19, 20, 24, 33, 34, 36, 37, 39, 41, 45, 47, 48, 52, 58, 59
000758, 05, 06, 07, 10, 11, 12, 18, 20, 21, 22, 28, 30, 31, 38, 43, 45, 53, 54, 59, 60
000759, 04, 05, 07, 10, 11, 14, 17, 21, 26, 27, 28, 29, 34, 35, 44, 46, 48, 50, 54, 55
000760, 01, 03, 05, 10, 16, 18, 22, 24, 30, 32, 34, 37, 41, 45, 47, 48, 49, 52, 55, 59
000761, 02, 05, 07, 11, 12, 14, 15, 18, 27, 35, 36, 38, 40, 42, 44, 50, 52, 54, 57, 58
000762, 04, 06, 11, 14, 20, 22, 23, 24, 25, 26, 30, 39, 45, 47, 48, 53, 56, 57, 59, 60
000763, 04, 05, 06, 08, 09, 11, 14, 15, 23, 24, 30, 33, 34, 38, 41, 44, 49, 54, 58, 60
000764, 07, 08, 09, 10, 13, 14, 21, 22, 24, 33, 36, 37, 48, 49, 50, 51, 53, 56, 57, 58
000765, 07, 11, 15, 18, 21, 22, 23, 24, 27, 31, 34, 38, 39, 40, 42, 50, 52, 56, 58, 60
000766, 03, 04, 09, 10, 13, 14, 15, 19, 21, 25, 33, 35, 39, 41, 44, 45, 46, 54, 58, 60
000767, 04, 05, 07, 09, 13, 17, 19, 21, 23, 24, 30, 36, 45, 46, 47, 50, 51, 52, 53, 60
000768, 02, 03, 12, 16, 17, 20, 22, 23, 25, 26, 27, 29, 31, 34, 35, 37, 43, 54, 55, 60
000769, 03, 06, 07, 08, 12, 14, 15, 16, 17, 19, 23, 28, 34, 43, 46, 48, 49, 50, 51, 54
000770, 01, 05, 06, 07, 13, 16, 17, 20, 23, 34, 36, 37, 42, 47, 48, 50, 51, 55, 57, 60
000771, 16, 18, 19, 21, 22, 23, 24, 32, 35, 36, 37, 43, 45, 51, 52, 53, 54, 55, 56, 57
000772, 05, 06, 12, 14, 16, 18, 19, 22, 29, 30, 32, 33, 34, 38, 41, 47, 49, 54, 55, 57
000773, 02, 03, 05, 07, 15, 19, 23, 24, 25, 35, 36, 40, 41, 44, 45, 46, 49, 53, 59, 60
000774, 02, 05, 06, 15, 17, 20, 27, 28, 32, 37, 38, 41, 42, 44, 47, 50, 51, 55, 56, 57
000775, 03, 04, 13, 15, 16, 17, 18, 19, 21, 26, 33, 34, 36, 37, 38, 40, 43, 47, 48, 50
000776, 02, 06, 08, 11, 16, 17, 20, 34, 35, 36, 39, 43, 47, 48, 49, 51, 53, 55, 56, 59
000777, 02, 09, 13, 17, 18, 20, 22, 23, 25, 29, 32, 34, 35, 39, 43, 45, 51, 53, 56, 57
000778, 02, 04, 05, 09, 10, 14, 15, 22, 24, 25, 28, 36, 38, 39, 42, 43, 44, 47, 49, 53
000779, 01, 02, 08, 12, 13, 20, 23, 26, 27, 29, 32, 33, 35, 38, 41, 42, 43, 46, 48, 56
000780, 04, 12, 14, 17, 22, 26, 27, 28, 29, 39, 41, 42, 43, 47, 49, 55, 56, 57, 59, 60
000781, 03, 05, 06, 09, 11, 17, 19, 20, 25, 26, 27, 30, 32, 34, 49, 50, 53, 54, 55, 56
000782, 01, 03, 06, 07, 08, 09, 14, 16, 17, 18, 25, 28, 30, 31, 34, 37, 39, 53, 57, 59
000783, 03, 08, 09, 16, 17, 19, 21, 23, 24, 26, 33, 36, 37, 39, 45, 47, 48, 53, 55, 60
000784, 04, 07, 11, 15, 17, 21, 23, 24, 30, 31, 32, 38, 40, 48, 50, 51, 53, 54, 56, 59
000785, 10, 12, 13, 14, 15, 16, 19, 21, 22, 24, 25, 27, 28, 29, 39, 40, 41, 46, 49, 58
000786, 02, 08, 09, 16, 17, 20, 21, 23, 26, 27, 30, 35, 37, 38, 42, 43, 44, 54, 55, 56
000787, 01, 02, 04, 06, 08, 09, 11, 17, 21, 22, 24, 25, 29, 33, 34, 38, 45, 51, 55, 59
000788, 06, 07, 16, 20, 25, 30, 31, 32, 35, 36, 37, 38, 40, 41, 45, 48, 49, 51, 53, 57
000789, 01, 02, 03, 05, 06, 07, 10, 13, 23, 26, 27, 30, 32, 35, 37, 38, 43, 46, 51, 57
000790, 01, 02, 03, 04, 05, 07, 08, 10, 13, 14, 17, 18, 35, 36, 43, 45, 46, 48, 55, 56
000791, 01, 07, 09, 13, 14, 15, 16, 17, 20, 23, 25, 26, 30, 35, 40, 42, 43, 50, 52, 59
000792, 01, 05, 06, 09, 10, 21, 22, 26, 28, 32, 33, 35, 39, 41, 45, 47, 50, 52, 54, 57
000793, 03, 04, 06, 07, 08, 13, 17, 19, 23, 25, 26, 27, 33, 35, 42, 43, 45, 51, 53, 55
000794, 03, 05, 06, 09, 10, 18, 19, 21, 23, 24, 31, 33, 36, 38, 43, 45, 46, 51, 53, 54
000795, 02, 04, 05, 07, 08, 09, 10, 12, 15, 18, 19, 21, 25, 34, 35, 37, 40, 41, 50, 60
000796, 01, 02, 04, 05, 07, 10, 12, 13, 18, 19, 24, 26, 35, 36, 38, 42, 47, 52, 56, 59
000797, 07, 09, 10, 15, 18, 19, 20, 21, 22, 23, 31, 34, 35, 40, 41, 43, 46, 50, 51, 57
000798, 02, 04, 05, 06, 08, 09, 13, 14, 15, 23, 24, 30, 33, 34, 43, 50, 54, 55, 57, 59
000799, 02, 12, 13, 14, 17, 21, 22, 24, 31, 35, 36, 38, 41, 43, 52, 54, 56, 57, 58, 60
000800, 07, 11, 15, 16, 21, 22, 24, 26, 29, 30, 34, 36, 38, 45, 47, 49, 50, 51, 56, 59
000801, 09, 10, 11, 13, 17, 19, 21, 22, 24, 28, 32, 41, 43, 45, 48, 50, 52, 54, 56, 57
000802, 02, 06, 08, 15, 16, 17, 19, 21, 26, 28, 33, 36, 47, 48, 49, 50, 51, 56, 58, 60
000803, 06, 08, 09, 13, 14, 19, 26, 32, 34, 37, 38, 40, 42, 44, 46, 48, 52, 54, 59, 60
000804, 01, 02, 06, 09, 10, 17, 18, 19, 28, 29, 32, 36, 39, 40, 42, 46, 47, 51, 55, 56
000805, 01, 04, 13, 14, 15, 16, 17, 18, 20, 21, 24, 27, 29, 37, 40, 49, 51, 52, 53, 54
000806, 03, 04, 09, 11, 13, 21, 22, 23, 25, 29, 30, 31, 32, 36, 37, 38, 39, 48, 52, 60
000807, 02, 04, 07, 09, 13, 14, 16, 18, 24, 27, 31, 35, 36, 37, 42, 44, 46, 53, 57, 59
000808, 03, 05, 07, 08, 11, 16, 17, 19, 27, 32, 35, 37, 40, 45, 46, 47, 48, 49, 52, 58
000809, 04, 05, 09, 14, 17, 18, 21, 25, 28, 31, 35, 38, 40, 44, 46, 47, 53, 54, 55, 58
000810, 02, 03, 10, 17, 18, 19, 24, 26, 28, 29, 31, 34, 37, 40, 43, 44, 46, 51, 57, 59
000811, 06, 08, 09, 10, 20, 21, 23, 24, 25, 26, 27, 35, 36, 40, 41, 42, 45, 49, 50, 55
000812, 03, 05, 10, 12, 14, 17, 19, 27, 32, 34, 40, 41, 42, 43, 44, 45, 55, 57, 59, 60
000813, 01, 07, 08, 09, 10, 11, 14, 15, 16, 19, 22, 25, 26, 32, 34, 36, 43, 47, 48, 59
000814, 07, 10, 15, 17, 26, 28, 35, 39, 40, 42, 43, 44, 47, 52, 53, 55, 56, 58, 59, 60
000815, 01, 02, 04, 13, 15, 17, 19, 23, 24, 28, 36, 37, 38, 39, 46, 48, 49, 51, 54, 57
000816, 04, 07, 12, 15, 18, 24, 27, 28, 30, 31, 34, 36, 39, 40, 42, 47, 52, 53, 54, 57
000817, 01, 06, 09, 11, 12, 13, 16, 19, 22, 23, 24, 27, 29, 30, 32, 33, 35, 41, 42, 51
000818, 02, 06, 12, 14, 18, 20, 23, 28, 33, 34, 35, 36, 38, 49, 50, 51, 53, 56, 58, 60
000819, 01, 04, 07, 08, 10, 14, 15, 34, 39, 40, 43, 44, 46, 47, 48, 50, 52, 53, 54, 57
000820, 01, 05, 06, 07, 09, 10, 11, 16, 19, 27, 29, 31, 35, 36, 37, 38, 48, 50, 57, 60
000821, 01, 05, 08, 12, 14, 15, 18, 23, 25, 27, 30, 36, 40, 51, 52, 54, 55, 56, 58, 59
000822, 01, 07, 09, 11, 13, 15, 19, 20, 21, 26, 31, 36, 39, 40, 41, 45, 50, 51, 53, 54
000823, 03, 09, 10, 15, 16, 18, 25, 26, 28, 29, 32, 34, 37, 45, 47, 52, 54, 57, 59, 60
000824, 03, 04, 05, 09, 16, 17, 20, 21, 22, 30, 37, 40, 47, 48, 49, 50, 51, 54, 57, 60
000825, 04, 12, 13, 14, 15, 16, 18, 21, 26, 29, 35, 43, 45, 47, 48, 49, 50, 54, 55, 60
000826, 02, 06, 07, 08, 10, 12, 13, 20, 21, 27, 28, 32, 38, 40, 41, 45, 46, 51, 53, 59
000827, 04, 07, 08, 10, 11, 17, 20, 26, 28, 30, 35, 36, 38, 39, 43, 44, 45, 49, 53, 59
000828, 03, 08, 11, 16, 20, 23, 24, 27, 29, 31, 32, 37, 43, 44, 46, 47, 50, 51, 55, 58
000829, 02, 03, 11, 17, 18, 20, 23, 27, 33, 34, 38, 39, 48, 50, 51, 54, 55, 57, 58, 59
000830, 02, 06, 07, 09, 10, 11, 13, 14, 17, 19, 22, 25, 30, 33, 35, 42, 48, 49, 54, 60
000831, 09, 10, 20, 21, 23, 24, 27, 28, 30, 32, 33, 39, 46, 48, 49, 50, 52, 53, 58, 59
000832, 01, 06, 08, 10, 13, 14, 15, 19, 20, 24, 26, 28, 32, 33, 34, 41, 46, 56, 59, 60
000833, 01, 02, 09, 11, 18, 20, 22, 26, 27, 31, 32, 36, 37, 38, 40, 46, 50, 52, 56, 59
000834, 06, 07, 08, 09, 10, 13, 16, 21, 25, 31, 37, 38, 42, 45, 47, 52, 53, 55, 56, 58
000835, 01, 02, 03, 05, 07, 09, 12, 14, 17, 18, 23, 28, 35, 43, 47, 49, 51, 57, 59, 60
000836, 06, 07, 10, 15, 17, 18, 19, 22, 26, 30, 33, 42, 44, 47, 48, 49, 51, 52, 59, 60
000837, 05, 07, 09, 15, 16, 17, 18, 32, 34, 35, 36, 40, 42, 43, 48, 50, 52, 54, 56, 59
000838, 03, 05, 09, 13, 17, 19, 20, 26, 31, 32, 34, 37, 38, 42, 51, 52, 55, 57, 58, 60
000839, 02, 03, 06, 10, 14, 18, 19, 23, 24, 27, 28, 35, 36, 37, 40, 43, 47, 49, 55, 58
000840, 06, 08, 14, 20, 21, 22, 23, 25, 29, 32, 35, 36, 39, 41, 54, 55, 56, 57, 58, 59
000841, 07, 09, 14, 16, 17, 18, 19, 23, 24, 25, 27, 28, 36, 37, 43, 47, 49, 56, 59, 60
000842, 06, 08, 09, 10, 12, 13, 19, 22, 26, 27, 28, 31, 34, 43, 44, 46, 48, 49, 53, 60
000843, 02, 04, 08, 13, 16, 18, 27, 28, 29, 30, 31, 35, 40, 41, 42, 43, 48, 54, 57, 58
000844, 03, 04, 05, 06, 11, 12, 14, 23, 24, 26, 36, 39, 42, 44, 46, 47, 48, 49, 56, 60
000845, 01, 03, 06, 07, 23, 25, 31, 34, 35, 36, 40, 41, 46, 47, 49, 51, 52, 54, 56, 57
000846, 02, 05, 07, 11, 15, 17, 19, 21, 23, 26, 27, 28, 31, 32, 36, 46, 51, 57, 59, 60
000847, 01, 03, 06, 07, 14, 15, 17, 20, 22, 25, 27, 30, 33, 35, 36, 45, 46, 49, 50, 57
000848, 02, 06, 15, 16, 17, 21, 23, 24, 26, 29, 30, 40, 41, 42, 50, 52, 54, 55, 56, 59
000849, 01, 08, 14, 17, 18, 24, 26, 27, 30, 33, 34, 35, 36, 48, 51, 52, 55, 56, 57, 60
000850, 09, 12, 15, 20, 22, 24, 25, 28, 30, 32, 34, 35, 45, 46, 47, 49, 50, 54, 55, 58
000851, 01, 03, 08, 09, 14, 15, 18, 26, 28, 29, 34, 36, 46, 49, 50, 51, 53, 55, 57, 59
000852, 03, 07, 11, 12, 13, 15, 16, 19, 23, 26, 28, 29, 32, 33, 35, 45, 46, 49, 54, 58
000853, 02, 04, 09, 11, 13, 20, 21, 23, 26, 27, 29, 42, 47, 49, 50, 51, 52, 55, 56, 57
000854, 08, 09, 16, 18, 19, 20, 24, 28, 30, 34, 39, 43, 44, 48, 50, 51, 52, 53, 54, 60
000855, 03, 10, 12, 13, 15, 16, 18, 21, 25, 27, 28, 31, 32, 41, 44, 47, 51, 52, 55, 59
000856, 03, 05, 07, 08, 10, 15, 18, 20, 21, 23, 33, 37, 40, 41, 42, 47, 52, 57, 58, 59
000857, 01, 04, 05, 06, 09, 10, 13, 17, 20, 22, 23, 30, 33, 36, 44, 45, 52, 56, 58, 59
000858, 07, 09, 10, 15, 18, 22, 25, 29, 36, 37, 38, 39, 42, 44, 45, 46, 48, 56, 57, 60
000859, 01, 02, 03, 08, 13, 21, 28, 29, 30, 31, 33, 35, 38, 39, 40, 43, 49, 50, 55, 60
000860, 04, 06, 08, 09, 10, 13, 17, 29, 33, 34, 35, 37, 38, 39, 47, 48, 51, 55, 58, 59
000861, 04, 06, 07, 11, 13, 18, 19, 20, 24, 27, 31, 32, 33, 37, 40, 41, 42, 44, 55, 56
000862, 01, 04, 05, 06, 14, 18, 23, 26, 27, 28, 29, 33, 36, 37, 42, 49, 50, 56, 57, 58
000863, 01, 09, 10, 12, 13, 15, 19, 28, 30, 31, 32, 36, 39, 44, 46, 48, 51, 57, 58, 60
000864, 03, 04, 08, 15, 25, 26, 27, 31, 32, 37, 38, 40, 41, 42, 45, 46, 48, 57, 59, 60
000865, 03, 05, 10, 13, 15, 17, 19, 22, 23, 24, 27, 31, 33, 34, 35, 37, 46, 55, 57, 60
000866, 01, 08, 11, 12, 20, 21, 31, 33, 34, 38, 41, 42, 44, 46, 48, 49, 53, 57, 58, 59
000867, 02, 04, 08, 09, 12, 14, 21, 23, 24, 25, 26, 27, 31, 33, 49, 50, 51, 53, 57, 60
000868, 03, 08, 09, 10, 12, 14, 20, 23, 37, 38, 46, 47, 48, 49, 50, 53, 54, 57, 58, 60
000869, 04, 06, 08, 09, 15, 18, 20, 23, 27, 40, 41, 44, 46, 47, 48, 49, 50, 55, 58, 59
000870, 04, 05, 13, 14, 17, 22, 24, 25, 30, 31, 34, 35, 37, 39, 41, 48, 54, 56, 58, 60
000871, 02, 05, 07, 09, 12, 13, 15, 17, 21, 27, 29, 30, 31, 35, 41, 49, 51, 53, 55, 56
000872, 05, 06, 07, 08, 12, 16, 18, 19, 21, 23, 25, 26, 36, 41, 42, 44, 45, 46, 50, 58
000873, 01, 02, 06, 07, 17, 19, 22, 27, 30, 35, 36, 38, 40, 45, 49, 50, 51, 53, 54, 56
000874, 02, 04, 05, 15, 19, 24, 27, 30, 32, 35, 38, 39, 40, 41, 42, 44, 46, 48, 58, 60
000875, 01, 04, 07, 11, 13, 17, 22, 30, 34, 37, 41, 44, 45, 48, 51, 52, 54, 55, 57, 59
000876, 01, 06, 11, 20, 22, 23, 28, 33, 34, 35, 38, 40, 41, 43, 45, 46, 47, 48, 51, 55
000877, 06, 07, 08, 11, 14, 17, 21, 27, 30, 31, 37, 42, 44, 45, 46, 50, 51, 57, 58, 60
000878, 03, 05, 06, 08, 10, 12, 17, 18, 25, 26, 29, 30, 34, 38, 40, 41, 45, 47, 50, 56
000879, 02, 05, 06, 08, 09, 14, 20, 21, 22, 24, 26, 28, 31, 36, 46, 51, 54, 55, 59, 60
000880, 04, 07, 14, 16, 19, 22, 26, 30, 31, 33, 36, 38, 40, 41, 42, 48, 53, 56, 58, 59
000881, 02, 06, 08, 11, 13, 14, 16, 18, 27, 29, 32, 37, 44, 45, 46, 49, 54, 56, 58, 59
000882, 01, 03, 07, 16, 17, 18, 19, 24, 26, 28, 30, 31, 32, 35, 37, 43, 45, 46, 49, 53
000883, 03, 06, 07, 08, 10, 14, 16, 19, 25, 31, 32, 33, 37, 42, 43, 44, 46, 51, 52, 56
000884, 02, 04, 05, 06, 10, 12, 13, 18, 22, 25, 28, 34, 37, 40, 48, 53, 55, 56, 57, 58
000885, 06, 08, 09, 12, 15, 16, 17, 24, 33, 35, 37, 42, 44, 46, 48, 49, 51, 53, 55, 57
000886, 05, 07, 08, 15, 16, 18, 25, 26, 27, 28, 30, 34, 37, 40, 45, 46, 53, 55, 56, 60
000887, 03, 07, 08, 11, 13, 20, 21, 22, 26, 32, 33, 37, 39, 41, 42, 43, 44, 51, 53, 56
000888, 01, 03, 05, 06, 07, 08, 11, 15, 17, 22, 23, 24, 26, 29, 31, 39, 47, 51, 52, 60
000889, 02, 06, 07, 11, 13, 14, 19, 21, 23, 24, 28, 33, 34, 35, 36, 39, 51, 54, 59, 60
000890, 01, 06, 07, 12, 13, 19, 20, 24, 25, 29, 30, 31, 34, 37, 40, 48, 50, 56, 58, 59
000891, 03, 04, 06, 08, 10, 12, 19, 21, 23, 25, 33, 34, 40, 43, 44, 45, 49, 53, 56, 58
000892, 02, 06, 07, 08, 10, 13, 14, 15, 22, 23, 24, 27, 39, 40, 43, 52, 55, 56, 58, 60
000893, 02, 04, 05, 10, 15, 24, 26, 27, 28, 29, 30, 32, 35, 38, 44, 45, 51, 52, 54, 59
000894, 01, 02, 03, 05, 06, 07, 08, 12, 14, 16, 24, 29, 30, 36, 37, 38, 43, 47, 48, 54
000895, 01, 02, 07, 14, 15, 16, 19, 23, 26, 30, 31, 33, 37, 40, 43, 45, 47, 50, 53, 57
000896, 01, 04, 10, 21, 22, 23, 26, 28, 31, 34, 38, 39, 40, 42, 46, 48, 55, 56, 58, 59
000897, 01, 03, 06, 07, 08, 14, 20, 22, 23, 26, 29, 31, 42, 43, 46, 48, 51, 54, 58, 59
000898, 02, 09, 10, 11, 13, 14, 18, 29, 31, 35, 36, 37, 43, 44, 47, 48, 53, 55, 56, 60
000899, 05, 09, 13, 14, 18, 25, 31, 33, 35, 36, 37, 38, 39, 40, 41, 46, 54, 56, 59, 60
000900, 01, 09, 10, 12, 14, 15, 16, 17, 24, 25, 26, 27, 30, 31, 36, 37, 45, 46, 47, 56
000901, 09, 13, 15, 16, 17, 18, 19, 20, 21, 23, 24, 27, 33, 36, 43, 48, 53, 55, 58, 60
000902, 03, 04, 07, 08, 11, 15, 16, 17, 20, 25, 27, 29, 30, 35, 37, 40, 41, 44, 47, 57
000903, 02, 05, 07, 11, 12, 17, 19, 21, 24, 25, 27, 28, 29, 37, 41, 42, 44, 45, 56, 58
000904, 06, 08, 09, 18, 19, 20, 21, 22, 23, 26, 27, 29, 38, 41, 42, 47, 51, 54, 56, 58
000905, 04, 05, 08, 09, 11, 12, 14, 16, 17, 21, 26, 30, 31, 33, 40, 41, 44, 51, 53, 60
000906, 01, 04, 05, 07, 11, 16, 17, 22, 31, 32, 33, 35, 36, 42, 43, 51, 55, 57, 58, 60
000907, 01, 02, 05, 06, 10, 11, 12, 14, 15, 16, 18, 26, 28, 32, 42, 46, 48, 49, 58, 60
000908, 09, 11, 12, 21, 22, 24, 26, 27, 28, 30, 34, 35, 38, 39, 43, 46, 47, 52, 53, 58
000909, 05, 06, 07, 12, 15, 18, 19, 20, 22, 32, 33, 36, 39, 41, 42, 45, 47, 53, 55, 60
000910, 01, 04, 05, 10, 14, 16, 17, 18, 19, 22, 23, 24, 27, 32, 34, 41, 43, 56, 58, 59
000911, 04, 06, 09, 16, 18, 20, 22, 24, 28, 31, 34, 36, 39, 40, 41, 44, 45, 53, 54, 56
000912, 04, 10, 13, 16, 18, 26, 28, 30, 34, 36, 37, 38, 46, 48, 50, 52, 56, 57, 58, 60
000913, 02, 04, 05, 08, 16, 19, 20, 21, 23, 25, 26, 27, 31, 32, 36, 37, 44, 50, 52, 54
000914, 18, 20, 23, 26, 27, 30, 32, 33, 34, 37, 40, 41, 44, 47, 52, 53, 55, 56, 57, 59
000915, 01, 03, 04, 06, 09, 10, 16, 17, 22, 27, 32, 37, 38, 42, 43, 47, 52, 54, 55, 56
000916, 01, 04, 09, 18, 20, 24, 27, 28, 31, 32, 35, 43, 44, 45, 48, 49, 53, 55, 57, 58
000917, 07, 12, 15, 18, 21, 23, 24, 25, 26, 28, 29, 36, 39, 40, 41, 43, 44, 47, 51, 57
000918, 12, 13, 14, 17, 20, 24, 28, 29, 31, 37, 42, 43, 45, 46, 47, 50, 51, 52, 53, 56
000919, 03, 06, 12, 13, 14, 15, 23, 25, 26, 29, 31, 33, 34, 35, 39, 40, 41, 43, 46, 60
000920, 04, 05, 06, 07, 08, 14, 19, 20, 23, 24, 27, 29, 31, 38, 46, 47, 48, 50, 52, 55
000921, 05, 07, 08, 14, 15, 22, 25, 27, 31, 32, 33, 35, 36, 41, 44, 45, 50, 52, 55, 57
000922, 01, 05, 06, 09, 11, 13, 14, 16, 17, 25, 28, 30, 32, 33, 34, 37, 43, 44, 55, 59
000923, 02, 04, 08, 13, 19, 24, 27, 28, 29, 33, 36, 37, 38, 45, 48, 49, 50, 52, 54, 55
000924, 02, 04, 05, 06, 08, 10, 11, 13, 19, 23, 26, 30, 41, 42, 45, 47, 50, 52, 56, 60
000925, 01, 02, 05, 10, 11, 16, 19, 23, 24, 27, 36, 39, 40, 44, 48, 49, 50, 55, 57, 58
000926, 03, 04, 05, 06, 08, 12, 13, 15, 18, 26, 28, 39, 40, 41, 48, 51, 52, 53, 59, 60
000927, 03, 07, 08, 10, 12, 13, 15, 19, 34, 35, 39, 41, 43, 47, 49, 50, 55, 58, 59, 60
000928, 01, 05, 07, 10, 11, 13, 15, 20, 23, 24, 28, 30, 34, 36, 38, 44, 49, 53, 55, 60
000929, 01, 04, 05, 07, 08, 11, 15, 16, 22, 23, 25, 27, 29, 33, 42, 45, 49, 52, 56, 58
000930, 01, 05, 11, 15, 19, 24, 28, 29, 31, 33, 37, 39, 42, 43, 45, 46, 48, 52, 57, 58
000931, 02, 04, 07, 09, 12, 23, 28, 29, 31, 34, 35, 38, 41, 44, 48, 49, 50, 52, 54, 56
000932, 01, 07, 08, 10, 11, 26, 29, 33, 36, 37, 39, 41, 42, 46, 48, 49, 51, 55, 57, 59
000933, 02, 05, 08, 09, 13, 19, 30, 35, 36, 37, 40, 41, 47, 48, 54, 55, 56, 57, 59, 60
000934, 04, 05, 11, 17, 18, 20, 27, 28, 30, 32, 33, 35, 49, 52, 53, 54, 57, 58, 59, 60
000935, 03, 05, 09, 11, 14, 16, 22, 25, 26, 28, 29, 31, 38, 39, 46, 47, 51, 52, 54, 59
000936, 05, 10, 13, 16, 17, 19, 20, 28, 32, 34, 36, 37, 40, 43, 44, 49, 52, 54, 57, 58
000937, 02, 03, 06, 13, 15, 19, 22, 26, 27, 30, 32, 34, 38, 39, 43, 47, 51, 55, 56, 58
000938, 01, 06, 08, 12, 16, 21, 24, 26, 27, 30, 33, 34, 38, 39, 40, 42, 45, 49, 50, 54
000939, 04, 07, 08, 11, 13, 18, 21, 22, 27, 30, 31, 38, 41, 43, 45, 49, 57, 58, 59, 60
000940, 03, 04, 06, 11, 15, 17, 21, 22, 23, 24, 26, 29, 33, 36, 37, 40, 41, 45, 52, 55
000941, 04, 07, 10, 15, 16, 19, 23, 24, 25, 30, 31, 32, 38, 40, 41, 43, 44, 46, 56, 57
000942, 05, 06, 09, 11, 12, 13, 17, 19, 22, 30, 33, 34, 35, 39, 41, 45, 48, 49, 51, 59
000943, 03, 05, 08, 10, 12, 19, 20, 23, 25, 26, 29, 32, 33, 35, 37, 38, 40, 50, 53, 57
000944, 02, 03, 08, 14, 15, 16, 18, 19, 29, 31, 39, 41, 42, 45, 48, 50, 54, 56, 57, 58
000945, 03, 04, 05, 11, 20, 23, 28, 29, 30, 32, 35, 36, 39, 40, 41, 43, 49, 53, 57, 58
000946, 02, 06, 07, 13, 15, 17, 18, 24, 27, 32, 33, 37, 39, 46, 50, 51, 53, 56, 58, 59
000947, 01, 04, 06, 08, 09, 15, 17, 21, 23, 24, 29, 34, 35, 38, 39, 43, 53, 57, 58, 60
000948, 01, 02, 04, 05, 06, 07, 09, 13, 17, 26, 27, 28, 32, 39, 44, 47, 51, 57, 58, 59
000949, 02, 07, 09, 11, 17, 18, 19, 21, 23, 24, 25, 26, 33, 34, 35, 37, 44, 45, 57, 60
000950, 03, 06, 07, 13, 16, 17, 20, 23, 25, 27, 28, 29, 33, 38, 43, 45, 48, 51, 57, 58
000951, 02, 03, 05, 08, 10, 12, 16, 20, 21, 22, 28, 29, 34, 38, 41, 42, 45, 48, 51, 55
000952, 01, 02, 05, 06, 09, 13, 17, 21, 22, 23, 29, 33, 36, 43, 44, 46, 47, 49, 53, 60
000953, 02, 09, 10, 13, 15, 21, 22, 28, 29, 33, 34, 36, 37, 40, 42, 44, 47, 53, 58, 60
000954, 01, 02, 03, 04, 08, 16, 17, 28, 29, 32, 34, 35, 39, 40, 42, 44, 47, 48, 50, 59
000955, 04, 13, 15, 17, 20, 22, 23, 27, 30, 31, 32, 38, 39, 44, 45, 48, 49, 52, 54, 56
000956, 01, 03, 04, 14, 21, 30, 33, 34, 36, 37, 40, 42, 46, 47, 48, 50, 52, 53, 55, 58
000957, 04, 10, 11, 12, 14, 16, 17, 20, 22, 24, 25, 27, 28, 31, 32, 34, 38, 42, 45, 53
000958, 03, 05, 07, 14, 16, 19, 21, 27, 28, 29, 30, 31, 32, 34, 42, 43, 49, 50, 56, 57
000959, 03, 04, 06, 08, 09, 11, 12, 19, 24, 25, 26, 28, 30, 36, 38, 43, 44, 48, 50, 56
000960, 04, 07, 08, 14, 15, 18, 21, 23, 27, 30, 31, 34, 41, 47, 49, 50, 51, 52, 54, 59
000961, 02, 03, 09, 13, 17, 20, 22, 29, 32, 33, 34, 37, 38, 41, 44, 45, 46, 56, 57, 60
000962, 02, 04, 06, 07, 08, 10, 11, 12, 14, 15, 18, 21, 22, 23, 24, 29, 30, 32, 35, 42
000963, 03, 04, 05, 08, 10, 14, 22, 24, 25, 26, 31, 32, 37, 38, 39, 41, 44, 50, 58, 59
000964, 02, 05, 07, 14, 15, 17, 26, 28, 31, 37, 39, 42, 43, 44, 45, 48, 49, 51, 52, 59
000965, 03, 05, 13, 20, 21, 26, 28, 29, 32, 39, 41, 43, 45, 47, 48, 51, 54, 56, 59, 60
000966, 03, 04, 06, 08, 10, 11, 16, 21, 23, 24, 25, 29, 36, 39, 44, 45, 53, 54, 59, 60
000967, 01, 04, 05, 06, 08, 14, 18, 20, 23, 28, 31, 32, 33, 44, 46, 53, 54, 56, 57, 58
000968, 03, 09, 10, 11, 16, 18, 21, 22, 28, 29, 34, 39, 40, 45, 48, 50, 52, 55, 58, 60
000969, 03, 09, 13, 17, 21, 23, 25, 27, 30, 32, 33, 34, 36, 40, 43, 46, 49, 52, 54, 57
000970, 03, 10, 11, 13, 14, 15, 16, 24, 26, 27, 34, 35, 37, 38, 44, 45, 52, 53, 55, 58
000971, 04, 05, 06, 07, 08, 09, 10, 12, 13, 20, 21, 25, 28, 31, 35, 38, 39, 40, 41, 57
000972, 04, 05, 06, 12, 15, 16, 17, 19, 22, 23, 24, 30, 31, 33, 35, 39, 41, 44, 46, 47
000973, 02, 03, 04, 11, 17, 23, 24, 31, 33, 35, 37, 41, 44, 46, 49, 50, 51, 52, 53, 60
000974, 04, 07, 08, 15, 20, 27, 28, 29, 30, 33, 36, 37, 38, 49, 50, 51, 52, 53, 55, 58
000975, 01, 02, 04, 10, 13, 14, 16, 23, 24, 29, 30, 31, 34, 38, 40, 42, 50, 52, 56, 57
000976, 02, 04, 08, 18, 21, 26, 27, 31, 33, 35, 36, 40, 44, 45, 46, 49, 50, 51, 57, 60
000977, 04, 06, 08, 11, 14, 16, 18, 22, 23, 26, 27, 28, 32, 33, 34, 37, 40, 49, 50, 60
000978, 02, 04, 05, 07, 08, 11, 13, 15, 23, 24, 25, 29, 31, 43, 45, 47, 48, 51, 54, 58
000979, 02, 03, 05, 10, 11, 20, 25, 27, 30, 31, 33, 36, 44, 47, 52, 53, 55, 58, 59, 60
000980, 01, 02, 06, 07, 17, 20, 21, 23, 25, 27, 31, 37, 39, 43, 46, 50, 51, 52, 53, 60
000981, 02, 03, 04, 06, 09, 12, 14, 15, 18, 21, 24, 26, 28, 32, 35, 40, 50, 58, 59, 60
000982, 01, 03, 07, 08, 12, 15, 16, 17, 19, 25, 28, 29, 39, 41, 45, 46, 50, 55, 56, 57
000983, 01, 08, 11, 12, 13, 15, 23, 25, 26, 28, 30, 31, 36, 41, 44, 47, 48, 50, 56, 59
000984, 01, 08, 11, 15, 16, 18, 23, 24, 30, 31, 32, 37, 42, 47, 51, 52, 55, 56, 58, 60
000985, 01, 07, 09, 14, 17, 18, 19, 20, 26, 27, 32, 33, 37, 38, 39, 41, 43, 48, 54, 56
000986, 01, 05, 06, 15, 17, 18, 19, 20, 21, 28, 35, 38, 40, 42, 50, 54, 55, 56, 57, 58
000987, 02, 03, 05, 10, 12, 16, 18, 22, 24, 25, 31, 33, 35, 47, 49, 55, 57, 58, 59, 60
000988, 03, 04, 07, 10, 12, 13, 19, 29, 31, 34, 39, 43, 46, 47, 53, 54, 56, 58, 59, 60
000989, 03, 06, 07, 10, 11, 15, 17, 18, 21, 23, 27, 29, 32, 37, 40, 41, 44, 45, 51, 60
000990, 02, 05, 08, 10, 14, 16, 18, 20, 21, 22, 25, 26, 33, 36, 39, 42, 45, 52, 55, 59
000991, 03, 06, 12, 16, 17, 19, 24, 25, 28, 35, 37, 38, 42, 43, 44, 46, 54, 56, 59, 60
000992, 08, 16, 18, 19, 20, 21, 22, 26, 28, 30, 31, 33, 37, 40, 45, 50, 51, 52, 53, 60
000993, 03, 04, 06, 07, 09, 17, 30, 32, 35, 36, 38, 42, 43, 45, 46, 49, 52, 55, 56, 58
000994, 01, 07, 12, 15, 20, 23, 24, 25, 26, 29, 30, 32, 33, 36, 40, 42, 43, 45, 50, 53
000995, 02, 04, 05, 11, 12, 14, 21, 24, 25, 26, 27, 32, 34, 38, 41, 42, 43, 47, 49, 56
000996, 02, 04, 08, 11, 26, 32, 39, 41, 42, 43, 46, 49, 51, 52, 54, 55, 56, 58, 59, 60
000997, 01, 06, 08, 09, 11, 16, 20, 29, 33, 34, 36, 37, 40, 41, 42, 52, 54, 55, 56, 57
000998, 03, 06, 09, 12, 18, 19, 20, 21, 24, 25, 32, 33, 41, 42, 47, 49, 53, 55, 57, 58
000999, 01, 02, 04, 07, 10, 11, 18, 20, 24, 27, 31, 32, 35, 36, 38, 50, 52, 53, 59, 60