000001, 03, 05, 09, 10, 12, 14, 16, 18, 20, 27, 30, 32, 34, 35, 37, 38, 45, 54, 55, 57
000002, 04, 09, 10, 12, 13, 17, 20, 25, 26, 27, 31, 34, 36, 38, 45, 49, 51, 56, 57, 59
000003, 02, 03, 09, 10, 19, 20, 23, 27, 29, 31, 34, 39, 40, 45, 50, 51, 52, 53, 54, 56
000004, 01, 03, 04, 05, 12, 14, 18, 21, 24, 26, 32, 35, 42, 45, 46, 47, 50, 53, 58, 59
000005, 06, 07, 08, 09, 11, 14, 22, 23, 24, 26, 31, 35, 41, 42, 43, 50, 57, 58, 59, 60
000006, 08, 16, 18, 19, 20, 24, 25, 28, 32, 38, 40, 41, 42, 45, 46, 48, 53, 54, 57, 60
000007, 03, 07, 09, 14, 17, 21, 23, 29, 33, 38, 40, 41, 43, 44, 46, 47, 54, 55, 56, 57
000008, 01, 05, 07, 12, 13, 15, 18, 22, 26, 27, 29, 34, 35, 37, 40, 43, 50, 53, 55, 57
000009, 01, 02, 04, 05, 09, 14, 18, 19, 20, 21, 30, 32, 38, 39, 41, 42, 44, 45, 53, 56
000010, 01, 09, 10, 19, 20, 22, 24, 25, 34, 36, 37, 39, 42, 45, 46, 47, 49, 51, 52, 60
000011, 01, 03, 08, 11, 13, 16, 20, 22, 25, 26, 31, 33, 37, 41, 44, 46, 50, 51, 52, 57
000012, 05, 14, 15, 16, 21, 24, 25, 26, 27, 29, 34, 35, 36, 37, 42, 43, 50, 53, 54, 58
000013, 03, 04, 05, 08, 10, 15, 18, 20, 22, 25, 29, 31, 32, 34, 38, 46, 50, 54, 59, 60
000014, 01, 02, 09, 14, 17, 19, 24, 25, 29, 33, 35, 36, 39, 42, 45, 48, 53, 54, 56, 58
000015, 02, 04, 05, 06, 08, 14, 18, 19, 21, 23, 25, 28, 31, 36, 37, 39, 44, 46, 48, 51
000016, 03, 15, 16, 20, 22, 24, 25, 30, 33, 35, 37, 38, 41, 42, 43, 44, 50, 53, 55, 56
000017, 03, 07, 10, 13, 15, 16, 17, 18, 23, 24, 31, 34, 37, 38, 41, 45, 48, 52, 54, 59
000018, 03, 04, 05, 07, 17, 24, 26, 27, 29, 35, 36, 37, 40, 46, 48, 51, 52, 54, 56, 60
000019, 01, 02, 03, 09, 10, 12, 13, 15, 16, 23, 28, 29, 30, 32, 36, 45, 46, 47, 53, 56
000020, 01, 04, 05, 06, 09, 10, 14, 21, 22, 24, 26, 40, 41, 45, 46, 49, 53, 57, 59, 60
000021, 01, 02, 13, 16, 17, 31, 32, 33, 35, 39, 40, 43, 44, 46, 49, 50, 55, 56, 58, 59
000022, 01, 02, 04, 05, 07, 08, 09, 15, 20, 25, 29, 31, 36, 39, 41, 42, 43, 46, 50, 60
000023, 05, 07, 11, 12, 16, 24, 26, 27, 28, 34, 37, 38, 39, 45, 46, 49, 50, 51, 53, 55
000024, 02, 07, 09, 11, 17, 21, 24, 32, 34, 36, 40, 41, 46, 49, 50, 52, 55, 57, 58, 60
000025, 07, 10, 13, 15, 16, 17, 20, 24, 26, 35, 36, 38, 41, 43, 44, 49, 50, 54, 58, 60
000026, 04, 05, 06, 10, 14, 16, 18, 19, 23, 28, 29, 34, 39, 44, 45, 48, 49, 56, 57, 59
000027, 03, 13, 14, 16, 17, 18, 19, 21, 25, 27, 28, 29, 30, 33, 34, 35, 38, 41, 43, 46
000028, 03, 04, 06, 07, 10, 11, 14, 18, 19, 21, 22, 33, 34, 35, 39, 41, 43, 48, 54, 55
000029, 09, 14, 15, 18, 19, 20, 29, 30, 33, 38, 39, 40, 43, 47, 52, 54, 55, 57, 58, 60
000030, 03, 08, 13, 14, 18, 22, 25, 27, 33, 37, 38, 44, 45, 49, 51, 55, 56, 57, 58, 60
000031, 01, 02, 04, 05, 07, 12, 19, 20, 23, 24, 34, 37, 38, 39, 46, 51, 55, 56, 58, 59
000032, 03, 05, 06, 08, 10, 19, 22, 23, 25, 27, 28, 31, 33, 34, 35, 38, 45, 47, 48, 54
000033, 02, 06, 08, 13, 14, 16, 22, 27, 29, 32, 33, 34, 36, 38, 39, 42, 43, 47, 49, 53
000034, 04, 05, 06, 09, 10, 19, 22, 26, 27, 31, 33, 38, 43, 47, 50, 51, 53, 54, 55, 56
000035, 02, 04, 06, 12, 13, 16, 17, 19, 24, 31, 33, 37, 41, 48, 49, 50, 51, 53, 55, 59
000036, 02, 06, 07, 08, 09, 10, 12, 19, 21, 23, 24, 25, 30, 36, 38, 41, 42, 44, 46, 49
000037, 04, 07, 08, 09, 11, 13, 14, 16, 21, 22, 26, 28, 29, 30, 37, 41, 42, 52, 55, 57
000038, 02, 03, 07, 09, 10, 11, 15, 17, 20, 26, 35, 37, 38, 41, 43, 45, 50, 53, 56, 58
000039, 01, 03, 10, 12, 13, 15, 17, 25, 32, 35, 37, 40, 41, 44, 45, 48, 51, 54, 56, 57
000040, 04, 09, 11, 12, 15, 16, 26, 31, 32, 33, 35, 37, 38, 41, 44, 47, 48, 50, 56, 58
000041, 03, 04, 05, 10, 15, 16, 19, 23, 24, 25, 30, 34, 35, 37, 41, 42, 43, 51, 52, 54
000042, 04, 05, 06, 07, 11, 20, 29, 30, 34, 35, 36, 40, 41, 44, 46, 48, 51, 58, 59, 60
000043, 04, 08, 11, 14, 19, 20, 22, 23, 25, 29, 38, 41, 42, 44, 48, 49, 54, 56, 57, 60
000044, 04, 08, 11, 12, 13, 20, 21, 26, 31, 33, 34, 41, 47, 48, 49, 50, 52, 53, 54, 58
000045, 01, 02, 04, 06, 09, 10, 12, 15, 20, 31, 38, 39, 42, 43, 45, 49, 50, 51, 52, 54
000046, 06, 08, 13, 20, 21, 22, 27, 30, 33, 35, 36, 40, 41, 43, 45, 46, 48, 50, 57, 59
000047, 03, 04, 06, 10, 11, 14, 15, 18, 24, 28, 36, 38, 39, 43, 47, 48, 50, 52, 57, 60
000048, 05, 07, 09, 20, 22, 26, 27, 29, 30, 34, 38, 43, 45, 47, 48, 49, 50, 51, 58, 59
000049, 01, 02, 04, 06, 10, 12, 18, 23, 26, 29, 33, 34, 39, 41, 42, 43, 44, 45, 51, 55
000050, 02, 08, 10, 11, 25, 26, 30, 31, 33, 35, 39, 40, 41, 45, 49, 52, 53, 56, 57, 58
000051, 03, 11, 14, 20, 22, 24, 25, 27, 30, 32, 35, 37, 39, 41, 44, 45, 50, 52, 55, 56
000052, 02, 07, 08, 13, 14, 15, 17, 20, 21, 23, 27, 28, 29, 34, 46, 47, 49, 55, 58, 59
000053, 01, 05, 06, 10, 12, 13, 15, 18, 19, 21, 24, 25, 27, 31, 33, 35, 40, 41, 44, 60
000054, 01, 02, 05, 08, 12, 15, 16, 20, 24, 27, 28, 32, 34, 36, 40, 42, 47, 52, 55, 57
000055, 01, 04, 06, 08, 11, 12, 13, 15, 19, 26, 30, 38, 47, 49, 51, 52, 55, 56, 57, 59
000056, 03, 04, 05, 08, 13, 17, 20, 21, 22, 23, 26, 29, 31, 34, 39, 45, 49, 50, 54, 56
000057, 01, 02, 05, 06, 08, 11, 17, 18, 19, 21, 26, 35, 40, 46, 49, 50, 51, 55, 58, 60
000058, 02, 04, 06, 08, 10, 15, 19, 20, 21, 23, 28, 31, 32, 33, 39, 40, 41, 47, 55, 56
000059, 02, 03, 06, 10, 11, 25, 27, 30, 32, 34, 35, 38, 39, 42, 51, 53, 54, 55, 56, 59
000060, 01, 03, 04, 05, 09, 10, 11, 18, 21, 29, 31, 39, 43, 46, 52, 53, 54, 55, 57, 59
000061, 02, 06, 08, 09, 20, 21, 22, 26, 27, 29, 30, 32, 35, 36, 37, 40, 43, 48, 49, 53
000062, 01, 02, 11, 12, 13, 14, 27, 29, 30, 31, 32, 34, 36, 38, 39, 47, 50, 52, 53, 54
000063, 02, 03, 07, 09, 11, 15, 19, 24, 26, 28, 32, 33, 39, 43, 44, 47, 49, 52, 54, 56
000064, 01, 04, 07, 08, 11, 14, 16, 17, 34, 36, 38, 40, 41, 48, 52, 53, 54, 55, 57, 59
000065, 01, 03, 04, 07, 13, 15, 17, 24, 25, 27, 31, 32, 33, 35, 36, 41, 43, 48, 55, 57
000066, 01, 04, 10, 18, 19, 20, 25, 32, 33, 34, 36, 41, 43, 47, 49, 52, 53, 54, 55, 60
000067, 02, 06, 09, 12, 14, 18, 28, 29, 32, 35, 36, 37, 38, 39, 40, 43, 44, 46, 49, 57
000068, 02, 07, 08, 11, 12, 20, 24, 28, 29, 35, 37, 38, 42, 43, 44, 50, 51, 53, 57, 59
000069, 02, 06, 10, 14, 16, 27, 33, 36, 38, 39, 42, 44, 45, 47, 51, 52, 53, 55, 57, 60
000070, 04, 06, 07, 11, 12, 14, 18, 19, 20, 25, 26, 33, 35, 39, 43, 48, 51, 52, 56, 60
000071, 05, 06, 07, 17, 22, 23, 24, 27, 30, 37, 44, 46, 48, 49, 51, 53, 56, 57, 59, 60
000072, 03, 07, 08, 12, 14, 15, 16, 21, 25, 28, 29, 31, 33, 36, 37, 42, 43, 46, 47, 53
000073, 06, 08, 13, 14, 16, 19, 28, 29, 34, 35, 36, 38, 40, 44, 45, 49, 51, 53, 54, 55
000074, 04, 06, 11, 16, 17, 18, 19, 22, 23, 30, 38, 39, 40, 41, 48, 50, 53, 56, 57, 58
000075, 06, 07, 15, 16, 19, 21, 22, 25, 26, 28, 29, 30, 31, 41, 45, 46, 47, 48, 50, 56
000076, 04, 06, 08, 10, 12, 14, 18, 20, 21, 22, 23, 25, 32, 33, 34, 49, 53, 56, 57, 59
000077, 03, 04, 05, 06, 09, 12, 14, 22, 23, 26, 27, 28, 33, 35, 38, 45, 51, 56, 58, 59
000078, 02, 04, 06, 07, 09, 14, 15, 16, 19, 20, 21, 22, 23, 28, 31, 33, 39, 40, 47, 54
000079, 02, 03, 07, 09, 11, 14, 17, 20, 25, 26, 28, 30, 31, 37, 38, 41, 48, 55, 57, 59
000080, 01, 04, 08, 12, 16, 18, 20, 22, 23, 31, 32, 37, 38, 41, 43, 46, 47, 49, 53, 60
000081, 02, 06, 09, 10, 15, 16, 19, 20, 21, 23, 25, 26, 30, 31, 32, 46, 49, 52, 59, 60
000082, 02, 03, 04, 09, 13, 16, 18, 19, 25, 29, 30, 36, 40, 41, 46, 52, 54, 55, 57, 58
000083, 01, 02, 03, 06, 09, 11, 15, 20, 32, 36, 37, 38, 40, 44, 48, 49, 50, 56, 59, 60
000084, 01, 03, 07, 10, 11, 21, 22, 25, 34, 35, 41, 43, 45, 48, 49, 50, 55, 57, 58, 59
000085, 04, 05, 08, 11, 12, 14, 15, 20, 21, 25, 29, 32, 34, 39, 51, 52, 53, 54, 56, 59
000086, 03, 04, 06, 10, 11, 12, 13, 14, 15, 16, 17, 20, 22, 23, 31, 36, 51, 52, 53, 59
000087, 04, 06, 09, 12, 19, 22, 27, 29, 30, 34, 35, 39, 45, 47, 49, 50, 51, 55, 56, 57
000088, 01, 05, 11, 18, 20, 22, 23, 27, 28, 30, 34, 36, 41, 43, 45, 47, 51, 52, 54, 60
000089, 01, 03, 07, 15, 20, 21, 22, 26, 27, 30, 34, 36, 37, 38, 40, 41, 43, 44, 53, 59
000090, 02, 04, 07, 08, 10, 13, 20, 21, 30, 31, 33, 34, 36, 37, 41, 43, 44, 50, 52, 57
000091, 01, 02, 03, 08, 09, 11, 14, 20, 21, 29, 31, 34, 37, 44, 45, 48, 49, 54, 55, 56
000092, 01, 03, 05, 08, 12, 18, 19, 21, 24, 25, 28, 33, 37, 44, 46, 48, 52, 53, 54, 56
000093, 05, 07, 12, 14, 23, 25, 30, 31, 32, 37, 38, 39, 41, 42, 44, 46, 47, 50, 55, 58
000094, 06, 07, 09, 11, 12, 15, 17, 21, 23, 26, 27, 29, 31, 34, 37, 38, 43, 48, 50, 52
000095, 07, 08, 09, 13, 18, 19, 21, 22, 25, 29, 31, 32, 33, 35, 40, 42, 44, 49, 55, 60
000096, 03, 04, 11, 12, 14, 15, 18, 22, 24, 25, 27, 33, 37, 40, 41, 45, 49, 51, 56, 57
000097, 12, 16, 17, 20, 23, 25, 29, 30, 32, 34, 38, 42, 45, 47, 48, 52, 53, 54, 57, 59
000098, 01, 02, 05, 06, 10, 11, 13, 19, 20, 24, 25, 29, 35, 36, 43, 44, 51, 52, 55, 60
000099, 02, 09, 10, 22, 23, 28, 29, 31, 32, 36, 37, 39, 42, 43, 45, 48, 54, 58, 59, 60
000100, 04, 07, 08, 09, 11, 14, 15, 18, 22, 29, 31, 34, 41, 44, 46, 47, 49, 50, 54, 60
000101, 03, 06, 07, 09, 12, 13, 16, 27, 29, 38, 42, 43, 46, 48, 49, 51, 52, 55, 57, 60
000102, 01, 03, 11, 15, 19, 20, 21, 26, 27, 28, 29, 32, 36, 38, 40, 41, 46, 54, 56, 58
000103, 08, 11, 14, 18, 22, 23, 26, 31, 32, 35, 38, 39, 40, 44, 50, 52, 54, 55, 58, 59
000104, 05, 11, 16, 17, 22, 25, 26, 28, 33, 36, 37, 39, 43, 47, 49, 50, 52, 57, 59, 60
000105, 01, 02, 05, 06, 09, 10, 13, 14, 22, 24, 25, 26, 33, 40, 41, 45, 46, 50, 54, 58
000106, 02, 04, 11, 14, 15, 16, 17, 18, 21, 25, 26, 27, 33, 34, 41, 50, 53, 56, 57, 59
000107, 01, 03, 04, 08, 09, 15, 16, 18, 20, 21, 22, 23, 28, 34, 37, 40, 41, 48, 50, 58
000108, 04, 05, 08, 16, 17, 22, 29, 31, 35, 36, 37, 38, 44, 47, 49, 53, 56, 57, 58, 60
000109, 03, 04, 09, 14, 16, 19, 20, 21, 24, 27, 32, 33, 34, 38, 43, 44, 49, 50, 55, 57
000110, 03, 07, 12, 13, 15, 16, 20, 25, 28, 31, 33, 35, 37, 39, 45, 48, 50, 51, 53, 57
000111, 01, 03, 04, 05, 12, 15, 16, 17, 21, 25, 27, 31, 33, 34, 36, 37, 42, 47, 54, 59
000112, 03, 04, 09, 10, 17, 19, 20, 22, 24, 28, 29, 33, 35, 38, 42, 43, 44, 46, 49, 55
000113, 01, 03, 12, 13, 16, 18, 20, 24, 26, 33, 37, 38, 43, 47, 48, 50, 51, 52, 53, 60
000114, 01, 03, 10, 12, 20, 22, 25, 26, 27, 29, 32, 33, 34, 35, 36, 41, 47, 54, 58, 60
000115, 01, 02, 05, 08, 10, 17, 19, 24, 25, 28, 32, 35, 36, 39, 41, 44, 45, 53, 56, 59
000116, 04, 05, 09, 10, 22, 26, 28, 29, 36, 37, 38, 39, 42, 45, 49, 51, 53, 56, 57, 58
000117, 01, 04, 06, 07, 09, 11, 12, 14, 15, 21, 26, 30, 31, 33, 34, 35, 39, 44, 47, 49
000118, 02, 05, 08, 09, 10, 14, 16, 25, 28, 29, 35, 38, 45, 46, 47, 48, 49, 56, 58, 59
000119, 01, 06, 10, 11, 14, 18, 20, 23, 24, 26, 32, 36, 37, 39, 41, 44, 49, 53, 55, 56
000120, 09, 11, 20, 22, 23, 25, 26, 32, 35, 36, 42, 43, 45, 48, 49, 51, 53, 56, 58, 60
000121, 05, 10, 14, 15, 17, 18, 22, 28, 29, 31, 32, 37, 38, 40, 42, 43, 51, 53, 54, 55
000122, 01, 07, 08, 10, 11, 18, 23, 26, 36, 39, 41, 42, 43, 44, 45, 46, 49, 51, 52, 55
000123, 03, 10, 13, 15, 18, 20, 22, 24, 25, 26, 28, 32, 38, 41, 43, 46, 50, 55, 57, 60
000124, 04, 05, 06, 08, 10, 17, 18, 19, 22, 25, 30, 36, 39, 42, 44, 45, 48, 50, 52, 59
000125, 02, 07, 11, 12, 15, 19, 21, 22, 23, 25, 26, 27, 30, 38, 43, 44, 46, 47, 48, 59
000126, 03, 05, 06, 09, 14, 16, 18, 23, 24, 26, 27, 32, 34, 37, 38, 41, 44, 47, 56, 58
000127, 02, 03, 04, 07, 09, 13, 14, 16, 24, 26, 28, 31, 34, 37, 39, 41, 50, 51, 59, 60
000128, 04, 11, 13, 15, 19, 24, 27, 29, 32, 34, 35, 40, 41, 42, 43, 46, 51, 52, 54, 59
000129, 05, 07, 09, 13, 14, 15, 17, 20, 21, 22, 26, 28, 30, 32, 35, 36, 40, 47, 49, 56
000130, 04, 05, 07, 08, 10, 14, 15, 18, 21, 22, 25, 26, 31, 35, 36, 38, 46, 53, 57, 59
000131, 02, 03, 09, 14, 15, 16, 19, 25, 28, 29, 33, 34, 38, 41, 44, 49, 52, 56, 58, 60
000132, 01, 03, 04, 05, 08, 10, 11, 18, 19, 20, 22, 27, 28, 29, 36, 37, 40, 41, 52, 55
000133, 02, 05, 08, 10, 11, 16, 18, 22, 23, 25, 30, 33, 37, 48, 50, 51, 52, 53, 55, 60
000134, 02, 03, 06, 09, 10, 11, 12, 13, 21, 26, 27, 28, 33, 35, 38, 42, 43, 47, 55, 58
000135, 06, 07, 08, 10, 15, 16, 19, 23, 24, 25, 28, 32, 33, 34, 37, 39, 40, 52, 54, 56
000136, 03, 04, 05, 06, 09, 10, 11, 14, 16, 22, 39, 50, 51, 53, 55, 56, 57, 58, 59, 60
000137, 05, 06, 10, 17, 21, 24, 25, 29, 32, 33, 36, 41, 43, 45, 46, 47, 49, 52, 54, 60
000138, 01, 03, 07, 08, 11, 16, 19, 23, 27, 29, 35, 37, 40, 42, 43, 48, 49, 50, 51, 60
000139, 01, 02, 05, 08, 09, 11, 16, 19, 20, 22, 26, 29, 32, 36, 40, 51, 54, 56, 57, 58
000140, 02, 04, 05, 06, 10, 13, 19, 23, 24, 25, 27, 28, 31, 32, 36, 37, 39, 44, 49, 54
000141, 02, 05, 06, 07, 09, 10, 12, 14, 18, 19, 20, 26, 37, 41, 42, 43, 45, 47, 54, 56
000142, 02, 03, 12, 17, 19, 20, 21, 24, 26, 27, 29, 33, 42, 47, 50, 52, 53, 57, 59, 60
000143, 03, 04, 07, 11, 14, 16, 17, 22, 25, 27, 30, 35, 37, 40, 41, 44, 49, 50, 57, 58
000144, 05, 08, 10, 11, 14, 15, 24, 28, 31, 32, 34, 40, 42, 44, 45, 48, 51, 53, 57, 59
000145, 03, 05, 08, 20, 24, 26, 27, 28, 33, 35, 37, 39, 42, 46, 48, 50, 52, 57, 59, 60
000146, 06, 07, 08, 12, 14, 16, 19, 23, 26, 29, 34, 35, 37, 38, 39, 41, 43, 45, 47, 50
000147, 04, 05, 08, 10, 11, 16, 21, 24, 25, 33, 34, 37, 40, 44, 46, 50, 51, 52, 54, 58
000148, 02, 16, 17, 20, 23, 25, 28, 29, 31, 32, 35, 36, 37, 41, 46, 54, 55, 57, 59, 60
000149, 01, 02, 04, 07, 08, 09, 10, 19, 24, 28, 29, 36, 38, 39, 42, 43, 47, 51, 55, 56
000150, 02, 12, 14, 16, 17, 18, 21, 24, 34, 35, 38, 39, 44, 48, 49, 50, 53, 54, 56, 57
000151, 01, 09, 16, 20, 21, 24, 27, 30, 31, 32, 35, 36, 37, 41, 43, 44, 51, 52, 54, 58
000152, 01, 06, 09, 12, 14, 19, 21, 22, 23, 32, 35, 38, 40, 43, 48, 50, 51, 52, 58, 59
000153, 01, 03, 09, 10, 13, 15, 16, 17, 24, 30, 34, 39, 41, 45, 46, 50, 52, 55, 58, 60
000154, 08, 10, 11, 12, 14, 15, 16, 18, 21, 30, 33, 37, 38, 45, 46, 47, 48, 50, 55, 57
000155, 04, 07, 15, 16, 18, 19, 22, 25, 28, 30, 31, 35, 37, 43, 45, 48, 51, 52, 53, 59
000156, 01, 03, 04, 05, 06, 09, 10, 14, 15, 16, 18, 25, 27, 30, 31, 44, 45, 48, 49, 55
000157, 01, 05, 08, 09, 13, 15, 20, 21, 24, 27, 30, 31, 34, 35, 45, 48, 50, 58, 59, 60
000158, 01, 03, 07, 08, 10, 12, 13, 15, 16, 17, 19, 27, 32, 40, 46, 48, 53, 55, 57, 58
000159, 02, 05, 08, 09, 10, 11, 12, 13, 14, 15, 16, 18, 30, 38, 40, 43, 45, 50, 53, 59
000160, 01, 05, 08, 09, 12, 14, 15, 18, 19, 20, 22, 24, 26, 33, 37, 49, 54, 55, 56, 59
000161, 01, 02, 07, 08, 09, 11, 13, 21, 22, 23, 24, 30, 37, 42, 46, 48, 50, 51, 55, 60
000162, 01, 02, 04, 06, 09, 20, 25, 30, 31, 33, 36, 38, 39, 42, 44, 46, 49, 54, 56, 57
000163, 01, 02, 03, 05, 06, 08, 10, 15, 18, 21, 26, 27, 32, 40, 41, 42, 46, 51, 54, 57
000164, 03, 14, 17, 25, 26, 28, 30, 33, 34, 35, 40, 43, 46, 51, 52, 53, 54, 56, 57, 58
000165, 02, 13, 14, 17, 18, 24, 26, 27, 32, 33, 36, 39, 42, 43, 49, 50, 55, 57, 58, 60
000166, 01, 03, 08, 19, 21, 24, 30, 31, 32, 34, 36, 40, 41, 45, 46, 47, 49, 51, 53, 55
000167, 04, 09, 10, 11, 12, 14, 16, 20, 24, 31, 34, 41, 42, 44, 47, 52, 54, 55, 59, 60
000168, 02, 12, 15, 16, 19, 20, 24, 33, 35, 36, 37, 42, 43, 45, 48, 52, 54, 56, 58, 59
000169, 01, 09, 15, 17, 18, 19, 21, 22, 24, 27, 34, 36, 40, 42, 44, 45, 46, 48, 51, 55
000170, 01, 03, 07, 09, 11, 26, 30, 34, 37, 39, 41, 43, 44, 46, 48, 50, 51, 53, 56, 60
000171, 01, 10, 12, 13, 14, 16, 17, 22, 25, 26, 31, 32, 34, 35, 39, 41, 43, 48, 55, 58
000172, 02, 05, 09, 10, 11, 13, 15, 17, 18, 20, 21, 23, 26, 29, 44, 47, 52, 55, 56, 58
000173, 02, 03, 04, 06, 11, 12, 20, 27, 30, 31, 32, 34, 39, 43, 48, 52, 53, 57, 58, 59
000174, 04, 07, 09, 15, 16, 20, 21, 22, 23, 27, 32, 35, 36, 43, 45, 46, 48, 50, 51, 58
000175, 04, 08, 13, 17, 18, 19, 22, 23, 24, 26, 35, 36, 37, 38, 41, 46, 47, 53, 55, 60
000176, 01, 03, 04, 05, 07, 10, 13, 15, 19, 30, 31, 40, 43, 45, 47, 48, 51, 53, 58, 60
000177, 01, 08, 09, 15, 17, 18, 19, 20, 21, 22, 27, 33, 36, 39, 40, 43, 45, 48, 51, 52
000178, 02, 03, 04, 06, 12, 13, 17, 18, 24, 28, 31, 36, 37, 39, 44, 45, 47, 52, 55, 58
000179, 01, 03, 08, 13, 16, 17, 19, 22, 23, 24, 25, 30, 33, 36, 38, 39, 41, 42, 50, 60
000180, 02, 07, 09, 10, 14, 15, 16, 19, 21, 23, 27, 34, 35, 36, 37, 38, 41, 44, 45, 60
000181, 01, 05, 09, 11, 12, 14, 16, 18, 21, 31, 34, 36, 37, 42, 43, 44, 46, 49, 53, 55
000182, 01, 05, 08, 09, 10, 13, 15, 18, 20, 22, 26, 29, 34, 38, 39, 42, 46, 47, 59, 60
000183, 05, 11, 12, 19, 26, 28, 31, 32, 34, 36, 38, 41, 43, 45, 49, 50, 55, 57, 58, 59
000184, 02, 05, 06, 08, 11, 15, 16, 21, 22, 23, 25, 26, 30, 31, 40, 41, 43, 44, 52, 54
000185, 02, 07, 08, 10, 11, 13, 15, 17, 28, 30, 37, 38, 41, 43, 44, 46, 49, 50, 59, 60
000186, 02, 07, 08, 09, 15, 16, 17, 18, 19, 22, 26, 30, 35, 36, 37, 40, 45, 47, 53, 57
000187, 01, 06, 08, 12, 13, 14, 18, 25, 28, 29, 31, 35, 36, 37, 39, 40, 42, 45, 47, 48
000188, 01, 13, 16, 18, 20, 24, 25, 29, 33, 38, 43, 47, 48, 50, 52, 53, 55, 57, 58, 59
000189, 03, 05, 16, 17, 18, 19, 21, 26, 29, 32, 34, 37, 40, 42, 45, 48, 49, 53, 57, 58
000190, 03, 05, 11, 17, 18, 19, 20, 26, 31, 34, 37, 40, 41, 45, 47, 51, 53, 57, 58, 60
000191, 07, 10, 16, 17, 18, 24, 27, 30, 33, 34, 35, 38, 41, 42, 43, 47, 50, 52, 56, 60
000192, 02, 04, 07, 11, 21, 22, 27, 29, 33, 34, 39, 41, 43, 50, 54, 55, 56, 57, 59, 60
000193, 01, 02, 10, 14, 20, 26, 28, 29, 31, 33, 34, 38, 41, 43, 44, 48, 55, 57, 58, 59
000194, 03, 04, 07, 09, 10, 11, 12, 14, 17, 18, 19, 25, 30, 32, 34, 37, 45, 50, 55, 56
000195, 01, 03, 06, 13, 16, 18, 20, 23, 24, 29, 39, 40, 41, 44, 45, 53, 55, 57, 58, 59
000196, 01, 06, 08, 09, 11, 14, 17, 18, 20, 21, 22, 26, 27, 29, 32, 38, 40, 49, 59, 60
000197, 06, 07, 08, 12, 15, 18, 19, 25, 29, 31, 33, 35, 36, 41, 43, 44, 45, 49, 51, 57
000198, 03, 04, 05, 10, 12, 13, 21, 23, 26, 28, 35, 36, 40, 41, 43, 44, 50, 53, 58, 60
000199, 01, 04, 06, 09, 10, 13, 14, 15, 16, 20, 25, 26, 29, 30, 32, 34, 39, 41, 44, 60
000200, 02, 04, 08, 10, 11, 13, 20, 22, 26, 30, 32, 33, 34, 35, 36, 37, 41, 43, 45, 46
000201, 02, 06, 08, 10, 14, 20, 22, 23, 28, 30, 34, 38, 40, 42, 44, 46, 54, 55, 58, 59
000202, 01, 05, 06, 13, 16, 17, 18, 21, 29, 35, 37, 41, 42, 44, 45, 49, 52, 53, 58, 60
000203, 05, 07, 10, 11, 13, 15, 18, 22, 25, 26, 27, 28, 29, 31, 33, 37, 40, 56, 59, 60
000204, 01, 02, 07, 17, 18, 20, 21, 22, 25, 27, 31, 35, 36, 39, 41, 46, 56, 57, 58, 60
000205, 01, 02, 03, 04, 05, 12, 19, 20, 21, 23, 36, 37, 38, 44, 47, 48, 49, 55, 56, 57
000206, 07, 09, 11, 13, 16, 18, 21, 22, 23, 24, 25, 27, 34, 46, 49, 50, 52, 54, 55, 59
000207, 06, 07, 08, 13, 14, 15, 17, 19, 20, 22, 23, 26, 27, 30, 32, 33, 41, 48, 52, 53
000208, 06, 10, 14, 15, 16, 17, 22, 24, 28, 29, 30, 32, 33, 35, 40, 45, 48, 54, 58, 60
000209, 03, 06, 07, 14, 16, 19, 21, 23, 28, 30, 33, 35, 38, 39, 49, 50, 52, 53, 57, 59
000210, 03, 04, 06, 08, 12, 14, 16, 17, 19, 20, 22, 27, 29, 31, 39, 42, 44, 46, 49, 54
000211, 01, 08, 11, 17, 20, 23, 25, 28, 31, 32, 33, 37, 44, 45, 50, 51, 55, 56, 59, 60
000212, 06, 10, 11, 14, 15, 20, 23, 24, 30, 32, 35, 36, 38, 45, 49, 51, 52, 54, 57, 58
000213, 01, 08, 09, 10, 12, 18, 19, 24, 25, 38, 39, 41, 45, 46, 49, 50, 51, 55, 56, 57
000214, 04, 05, 07, 08, 09, 10, 11, 16, 19, 20, 22, 38, 39, 41, 43, 47, 49, 50, 54, 55
000215, 03, 06, 10, 12, 14, 16, 17, 18, 24, 28, 32, 38, 44, 46, 47, 50, 52, 53, 58, 60
000216, 02, 03, 10, 14, 15, 16, 19, 20, 21, 23, 26, 29, 39, 43, 44, 48, 51, 52, 57, 58
000217, 05, 07, 09, 11, 14, 15, 19, 21, 22, 24, 26, 35, 40, 43, 45, 46, 48, 50, 53, 59
000218, 01, 02, 03, 09, 13, 15, 20, 28, 29, 33, 36, 38, 39, 50, 53, 54, 55, 56, 57, 58
000219, 02, 05, 06, 07, 09, 11, 15, 18, 19, 23, 34, 36, 39, 40, 49, 50, 53, 54, 55, 56
000220, 05, 06, 07, 11, 17, 20, 25, 28, 30, 36, 41, 42, 44, 46, 48, 50, 51, 54, 59, 60
000221, 01, 03, 05, 06, 10, 21, 24, 25, 27, 32, 33, 36, 39, 40, 42, 47, 48, 54, 57, 60
000222, 04, 11, 16, 19, 22, 26, 32, 34, 39, 41, 42, 43, 44, 45, 46, 49, 52, 56, 57, 59
000223, 01, 02, 03, 04, 08, 13, 14, 15, 22, 29, 31, 33, 40, 43, 45, 46, 47, 49, 55, 60
000224, 04, 05, 07, 12, 14, 15, 20, 29, 30, 34, 36, 37, 40, 42, 43, 48, 53, 55, 57, 59
000225, 02, 03, 05, 10, 13, 18, 19, 21, 23, 26, 33, 34, 36, 37, 38, 41, 49, 52, 54, 59
000226, 02, 03, 04, 06, 10, 11, 16, 20, 21, 22, 27, 36, 39, 41, 46, 48, 52, 54, 57, 60
000227, 02, 03, 04, 05, 08, 09, 16, 21, 22, 24, 27, 34, 38, 41, 44, 49, 51, 54, 55, 60
000228, 06, 10, 11, 15, 23, 24, 25, 26, 28, 29, 30, 31, 39, 42, 43, 44, 53, 54, 58, 60
000229, 03, 06, 07, 08, 09, 13, 14, 17, 18, 19, 23, 34, 36, 38, 40, 44, 47, 49, 50, 56
000230, 01, 04, 06, 07, 10, 20, 21, 30, 32, 34, 35, 37, 39, 41, 43, 49, 54, 55, 56, 60
000231, 01, 02, 08, 10, 11, 12, 13, 14, 18, 20, 26, 28, 29, 37, 43, 44, 46, 51, 55, 60
000232, 01, 05, 07, 09, 11, 12, 16, 18, 24, 27, 34, 36, 39, 42, 43, 44, 45, 49, 56, 59
000233, 04, 05, 06, 08, 18, 20, 23, 24, 28, 31, 34, 36, 44, 46, 50, 52, 54, 55, 58, 59
000234, 02, 03, 09, 19, 20, 21, 25, 29, 31, 32, 34, 39, 47, 49, 51, 53, 54, 55, 57, 59
000235, 02, 04, 05, 11, 18, 21, 22, 26, 32, 33, 35, 38, 42, 44, 49, 50, 51, 52, 54, 60
000236, 03, 06, 11, 12, 18, 20, 22, 24, 30, 31, 37, 38, 39, 41, 43, 44, 46, 50, 54, 55
000237, 03, 05, 08, 13, 15, 18, 23, 27, 36, 43, 44, 46, 47, 49, 51, 52, 55, 56, 57, 59
000238, 05, 06, 08, 10, 11, 15, 16, 27, 30, 31, 33, 38, 39, 40, 41, 49, 52, 54, 55, 58
000239, 02, 09, 15, 19, 20, 21, 23, 24, 27, 33, 36, 37, 41, 44, 49, 51, 55, 56, 59, 60
000240, 04, 12, 15, 21, 22, 23, 24, 28, 32, 37, 38, 39, 41, 45, 47, 48, 49, 53, 58, 60
000241, 01, 02, 05, 18, 19, 20, 23, 24, 26, 27, 29, 30, 31, 32, 34, 37, 39, 43, 44, 49
000242, 04, 08, 10, 13, 16, 18, 20, 22, 23, 28, 31, 35, 38, 44, 46, 49, 50, 51, 52, 58
000243, 03, 06, 11, 16, 17, 18, 21, 22, 25, 26, 31, 33, 34, 35, 36, 41, 47, 48, 50, 56
000244, 01, 07, 10, 15, 16, 19, 20, 22, 23, 26, 30, 33, 40, 43, 44, 48, 49, 52, 53, 58
000245, 03, 08, 11, 13, 18, 22, 23, 29, 30, 31, 32, 34, 35, 39, 40, 41, 44, 47, 54, 56
000246, 04, 06, 12, 16, 18, 21, 22, 24, 29, 30, 33, 34, 36, 37, 38, 44, 48, 51, 53, 54
000247, 01, 02, 03, 04, 06, 07, 11, 14, 17, 21, 23, 25, 27, 32, 35, 41, 45, 47, 49, 52
000248, 05, 14, 16, 17, 18, 21, 22, 23, 25, 26, 29, 30, 34, 36, 38, 42, 45, 52, 56, 60
000249, 01, 02, 08, 09, 13, 14, 16, 19, 20, 23, 24, 26, 39, 40, 42, 44, 46, 47, 53, 54
000250, 05, 08, 12, 13, 21, 22, 23, 27, 29, 35, 36, 42, 44, 45, 47, 48, 52, 55, 57, 59
000251, 01, 03, 06, 07, 08, 11, 12, 17, 18, 20, 21, 23, 26, 27, 30, 33, 34, 38, 43, 46
000252, 01, 03, 11, 16, 17, 19, 22, 23, 24, 26, 28, 29, 31, 33, 36, 37, 39, 41, 48, 58
000253, 01, 02, 03, 07, 09, 12, 13, 23, 24, 25, 27, 28, 29, 30, 41, 43, 49, 50, 54, 55
000254, 01, 06, 10, 13, 15, 22, 25, 27, 29, 33, 39, 43, 45, 48, 51, 52, 54, 55, 58, 60
000255, 01, 02, 03, 04, 05, 07, 08, 17, 24, 25, 29, 31, 32, 34, 45, 48, 49, 53, 54, 57
000256, 05, 07, 15, 17, 22, 25, 26, 29, 31, 32, 34, 35, 38, 43, 45, 46, 48, 51, 53, 55
000257, 05, 06, 07, 08, 10, 14, 17, 22, 23, 24, 25, 30, 37, 41, 43, 48, 49, 53, 55, 60
000258, 01, 02, 07, 11, 13, 18, 20, 21, 23, 27, 34, 36, 38, 41, 43, 47, 48, 51, 54, 59
000259, 02, 04, 08, 09, 10, 14, 15, 18, 20, 23, 30, 34, 35, 37, 39, 46, 49, 50, 52, 60
000260, 01, 02, 06, 08, 09, 12, 18, 20, 22, 24, 25, 30, 31, 33, 39, 42, 43, 46, 50, 55
000261, 01, 03, 05, 06, 07, 08, 10, 14, 20, 22, 23, 24, 29, 30, 31, 42, 44, 45, 48, 52
000262, 02, 03, 07, 11, 13, 14, 16, 18, 19, 26, 38, 39, 42, 45, 52, 55, 57, 58, 59, 60
000263, 01, 04, 08, 09, 13, 19, 23, 26, 30, 33, 36, 37, 40, 41, 45, 49, 52, 55, 56, 59
000264, 04, 06, 07, 09, 15, 17, 20, 21, 22, 23, 36, 42, 44, 46, 50, 54, 55, 56, 57, 58
000265, 02, 08, 09, 10, 11, 13, 16, 17, 18, 19, 28, 30, 32, 36, 37, 42, 43, 50, 55, 60
000266, 01, 02, 08, 10, 12, 13, 16, 18, 21, 29, 30, 31, 42, 45, 46, 48, 51, 55, 57, 59
000267, 04, 07, 08, 09, 13, 17, 23, 27, 30, 32, 33, 37, 38, 40, 41, 43, 51, 54, 55, 57
000268, 05, 10, 11, 15, 17, 19, 29, 30, 31, 32, 40, 44, 45, 47, 50, 51, 54, 57, 58, 59
000269, 01, 05, 06, 07, 11, 14, 16, 23, 26, 28, 30, 33, 37, 45, 48, 50, 52, 53, 57, 59
000270, 03, 10, 13, 15, 16, 19, 23, 27, 28, 29, 30, 32, 34, 36, 37, 41, 46, 52, 53, 58
000271, 02, 03, 08, 09, 10, 14, 16, 35, 37, 38, 44, 45, 46, 48, 50, 51, 52, 53, 55, 56
000272, 03, 04, 10, 11, 16, 19, 20, 22, 23, 25, 30, 35, 38, 45, 47, 49, 52, 55, 59, 60
000273, 03, 06, 07, 16, 20, 21, 22, 24, 25, 31, 35, 38, 41, 46, 49, 50, 52, 54, 55, 59
000274, 02, 03, 04, 10, 12, 16, 22, 23, 25, 28, 30, 31, 36, 37, 39, 48, 51, 54, 55, 59
000275, 02, 04, 05, 09, 10, 11, 12, 13, 18, 20, 25, 27, 30, 34, 35, 39, 42, 43, 53, 54
000276, 01, 02, 06, 07, 08, 11, 14, 17, 18, 21, 22, 23, 27, 34, 35, 40, 46, 49, 51, 54
000277, 01, 03, 09, 11, 12, 16, 26, 28, 29, 30, 32, 34, 35, 39, 40, 41, 43, 45, 52, 60
000278, 06, 09, 10, 11, 16, 17, 19, 22, 26, 27, 28, 29, 33, 39, 41, 43, 44, 47, 54, 59
000279, 04, 06, 07, 08, 09, 10, 12, 17, 24, 25, 29, 38, 39, 41, 49, 51, 52, 53, 58, 60
000280, 01, 03, 05, 15, 17, 23, 26, 29, 30, 32, 33, 34, 37, 40, 42, 50, 55, 58, 59, 60
000281, 01, 03, 04, 06, 12, 14, 15, 16, 17, 19, 23, 25, 35, 47, 48, 51, 54, 56, 57, 60
000282, 05, 06, 08, 15, 16, 18, 19, 20, 22, 24, 25, 30, 32, 37, 38, 41, 43, 46, 47, 58
000283, 01, 02, 03, 04, 10, 15, 16, 22, 29, 31, 32, 33, 36, 39, 40, 42, 47, 48, 52, 54
000284, 01, 03, 04, 13, 14, 15, 23, 24, 25, 27, 28, 31, 32, 33, 35, 38, 39, 52, 57, 59
000285, 06, 10, 11, 12, 13, 15, 17, 19, 26, 27, 36, 37, 38, 40, 42, 48, 49, 54, 56, 57
000286, 03, 05, 12, 14, 16, 17, 19, 23, 26, 28, 29, 35, 36, 37, 41, 43, 49, 50, 53, 55
000287, 08, 09, 15, 17, 19, 20, 21, 23, 24, 25, 28, 36, 38, 40, 47, 50, 51, 58, 59, 60
000288, 02, 03, 07, 12, 16, 17, 19, 22, 25, 31, 33, 42, 43, 47, 48, 49, 50, 52, 53, 57
000289, 03, 07, 14, 15, 21, 26, 30, 34, 37, 38, 40, 41, 43, 44, 45, 47, 48, 51, 56, 59
000290, 07, 08, 09, 14, 15, 17, 21, 23, 27, 31, 36, 38, 39, 46, 48, 52, 55, 56, 57, 59
000291, 02, 03, 05, 07, 12, 14, 17, 18, 19, 21, 23, 25, 28, 35, 36, 41, 49, 51, 54, 60
000292, 08, 09, 10, 14, 15, 18, 20, 22, 26, 28, 30, 34, 41, 46, 48, 50, 51, 58, 59, 60
000293, 04, 06, 08, 09, 10, 17, 18, 20, 21, 22, 23, 28, 31, 33, 39, 40, 46, 50, 55, 59
000294, 05, 08, 13, 14, 15, 17, 18, 19, 30, 33, 35, 37, 39, 44, 45, 51, 52, 54, 59, 60
000295, 04, 05, 07, 09, 10, 11, 12, 16, 17, 23, 26, 29, 34, 35, 39, 40, 42, 46, 56, 57
000296, 01, 07, 09, 11, 13, 16, 19, 20, 27, 38, 39, 41, 42, 48, 53, 54, 55, 56, 57, 60
000297, 04, 07, 12, 13, 14, 15, 16, 19, 21, 22, 23, 29, 32, 34, 37, 38, 39, 40, 46, 47
000298, 02, 03, 05, 11, 12, 14, 15, 21, 23, 34, 39, 42, 45, 46, 47, 49, 51, 52, 56, 60
000299, 21, 22, 24, 25, 26, 28, 30, 33, 38, 41, 42, 44, 49, 51, 52, 53, 56, 57, 58, 59
000300, 04, 10, 11, 16, 17, 18, 24, 26, 28, 32, 36, 38, 39, 42, 46, 47, 52, 53, 54, 60
000301, 09, 10, 11, 13, 19, 24, 29, 30, 31, 34, 35, 37, 41, 42, 44, 45, 47, 48, 56, 57
000302, 03, 05, 10, 12, 15, 16, 22, 23, 26, 29, 31, 32, 35, 37, 40, 42, 51, 54, 58, 60
000303, 02, 04, 08, 09, 10, 13, 19, 20, 23, 24, 26, 27, 29, 32, 36, 42, 46, 52, 54, 57
000304, 09, 11, 14, 20, 22, 23, 24, 25, 29, 33, 36, 37, 40, 47, 49, 50, 55, 56, 57, 60
000305, 04, 05, 08, 09, 10, 16, 24, 25, 28, 31, 33, 34, 44, 46, 47, 48, 51, 56, 57, 59
000306, 03, 06, 08, 09, 12, 13, 15, 17, 19, 23, 25, 27, 28, 35, 36, 38, 39, 50, 52, 59
000307, 09, 10, 12, 14, 15, 16, 17, 21, 22, 27, 31, 32, 42, 46, 50, 51, 54, 56, 57, 59
000308, 04, 09, 10, 12, 14, 15, 16, 19, 27, 30, 31, 35, 36, 43, 44, 46, 48, 50, 51, 60
000309, 02, 03, 04, 11, 15, 16, 17, 18, 19, 22, 23, 24, 25, 26, 28, 29, 30, 31, 33, 46
000310, 02, 06, 09, 10, 11, 12, 17, 21, 26, 27, 30, 33, 38, 40, 47, 48, 49, 53, 55, 56
000311, 03, 04, 07, 08, 10, 11, 15, 16, 17, 21, 23, 25, 26, 29, 39, 42, 43, 44, 51, 55
000312, 07, 16, 17, 21, 22, 23, 25, 27, 28, 30, 33, 34, 38, 44, 48, 49, 52, 53, 56, 60
000313, 05, 07, 09, 11, 12, 15, 16, 21, 27, 29, 33, 35, 37, 46, 47, 52, 53, 54, 56, 58
000314, 02, 03, 08, 09, 12, 13, 15, 18, 22, 26, 27, 30, 36, 44, 45, 49, 53, 55, 56, 59
000315, 02, 04, 06, 11, 12, 20, 22, 23, 27, 29, 35, 39, 40, 41, 43, 49, 50, 51, 53, 55
000316, 01, 03, 11, 16, 17, 18, 22, 27, 28, 30, 31, 32, 33, 34, 36, 37, 49, 51, 52, 55
000317, 02, 08, 16, 17, 18, 21, 25, 27, 28, 33, 35, 37, 39, 44, 48, 49, 53, 54, 56, 58
000318, 06, 07, 10, 15, 18, 20, 26, 31, 36, 38, 40, 43, 44, 45, 46, 48, 51, 56, 58, 59
000319, 03, 04, 05, 07, 16, 19, 21, 22, 25, 26, 29, 31, 32, 35, 40, 42, 48, 49, 57, 60
000320, 03, 14, 15, 16, 19, 21, 22, 28, 30, 32, 37, 38, 41, 43, 44, 48, 49, 51, 52, 57
000321, 01, 03, 06, 08, 09, 10, 15, 17, 23, 24, 31, 35, 37, 39, 40, 42, 46, 47, 57, 60
000322, 07, 09, 19, 20, 22, 26, 27, 28, 30, 37, 38, 40, 43, 44, 48, 49, 51, 53, 54, 58
000323, 01, 03, 09, 13, 14, 16, 18, 19, 20, 21, 27, 29, 36, 38, 39, 41, 46, 50, 59, 60
000324, 01, 03, 04, 06, 09, 10, 12, 15, 17, 20, 22, 23, 25, 26, 29, 49, 52, 54, 56, 59
000325, 02, 04, 06, 10, 11, 13, 16, 19, 30, 31, 34, 39, 41, 44, 46, 48, 52, 55, 57, 59
000326, 04, 06, 08, 09, 14, 15, 16, 17, 19, 21, 25, 26, 28, 35, 36, 45, 46, 48, 52, 54
000327, 01, 11, 12, 14, 23, 25, 27, 31, 33, 34, 38, 43, 44, 45, 47, 51, 52, 53, 54, 59
000328, 01, 09, 14, 16, 17, 25, 26, 28, 33, 34, 35, 41, 46, 48, 49, 50, 51, 52, 59, 60
000329, 01, 04, 07, 14, 18, 19, 21, 24, 26, 27, 28, 33, 35, 36, 43, 46, 47, 51, 54, 60
000330, 02, 03, 05, 08, 12, 13, 14, 21, 22, 26, 30, 43, 48, 50, 51, 53, 54, 58, 59, 60
000331, 01, 02, 04, 08, 12, 16, 17, 25, 29, 30, 32, 33, 38, 39, 41, 42, 45, 48, 52, 54
000332, 05, 06, 11, 14, 17, 26, 27, 32, 35, 37, 38, 39, 40, 47, 48, 50, 51, 53, 54, 57
000333, 01, 07, 11, 13, 14, 15, 18, 20, 25, 28, 29, 31, 32, 35, 36, 45, 49, 57, 59, 60
000334, 03, 06, 07, 08, 09, 11, 15, 16, 17, 21, 23, 28, 29, 45, 46, 48, 50, 53, 57, 59
000335, 03, 04, 06, 16, 17, 22, 23, 27, 29, 35, 39, 41, 44, 45, 49, 51, 55, 56, 57, 58
000336, 02, 04, 05, 08, 11, 13, 15, 18, 20, 35, 39, 40, 42, 44, 49, 51, 53, 57, 59, 60
000337, 01, 04, 11, 15, 18, 25, 27, 37, 39, 40, 43, 46, 48, 53, 54, 55, 57, 58, 59, 60
000338, 02, 07, 10, 11, 13, 20, 22, 24, 27, 30, 32, 35, 37, 42, 44, 45, 50, 52, 57, 60
000339, 05, 07, 13, 14, 19, 20, 21, 24, 25, 26, 27, 37, 40, 44, 48, 50, 51, 56, 58, 59
000340, 04, 06, 07, 13, 14, 19, 20, 21, 22, 25, 28, 29, 30, 34, 40, 45, 48, 56, 57, 58
000341, 03, 05, 07, 08, 15, 18, 20, 30, 36, 38, 39, 42, 44, 48, 51, 54, 55, 56, 57, 60
000342, 01, 04, 08, 10, 12, 14, 17, 23, 25, 27, 32, 34, 37, 44, 46, 47, 51, 54, 57, 60
000343, 01, 07, 09, 17, 18, 23, 26, 28, 29, 30, 31, 35, 37, 38, 39, 42, 47, 56, 59, 60
000344, 03, 08, 15, 18, 20, 21, 24, 25, 26, 28, 31, 37, 41, 43, 47, 49, 52, 55, 59, 60
000345, 07, 09, 11, 13, 14, 19, 24, 25, 26, 30, 31, 34, 35, 37, 38, 39, 40, 46, 57, 60
000346, 05, 09, 11, 15, 17, 24, 26, 27, 29, 35, 39, 40, 41, 43, 44, 49, 50, 51, 52, 56
000347, 02, 05, 07, 10, 12, 13, 14, 15, 18, 21, 27, 34, 35, 42, 45, 46, 49, 54, 59, 60
000348, 04, 05, 06, 10, 11, 13, 14, 21, 22, 23, 25, 28, 36, 38, 42, 54, 55, 56, 57, 59
000349, 02, 03, 05, 09, 21, 22, 24, 25, 28, 31, 36, 37, 41, 44, 45, 47, 50, 51, 56, 59
000350, 10, 11, 12, 15, 18, 20, 25, 27, 30, 31, 34, 37, 38, 44, 45, 46, 47, 48, 57, 60
000351, 02, 10, 11, 13, 14, 15, 17, 21, 22, 25, 29, 33, 34, 37, 38, 40, 45, 51, 55, 58
000352, 04, 12, 17, 18, 20, 22, 28, 30, 34, 35, 40, 41, 42, 44, 49, 50, 51, 53, 54, 57
000353, 02, 07, 08, 11, 13, 17, 25, 26, 29, 31, 32, 33, 34, 35, 38, 41, 44, 46, 55, 57
000354, 01, 02, 05, 07, 09, 17, 18, 20, 21, 29, 36, 38, 40, 43, 44, 51, 52, 53, 54, 55
000355, 03, 05, 08, 09, 12, 16, 23, 25, 27, 28, 29, 41, 43, 45, 47, 49, 53, 54, 57, 60
000356, 02, 08, 10, 11, 14, 15, 19, 26, 29, 31, 32, 38, 39, 41, 42, 43, 49, 52, 55, 57
000357, 03, 04, 09, 11, 12, 13, 15, 16, 17, 23, 25, 29, 31, 35, 36, 37, 41, 52, 55, 60
000358, 03, 04, 05, 06, 07, 10, 14, 17, 20, 22, 23, 33, 35, 39, 42, 48, 51, 54, 55, 56
000359, 01, 08, 10, 12, 14, 20, 33, 34, 35, 39, 44, 45, 47, 49, 51, 52, 54, 56, 57, 58
000360, 02, 03, 07, 15, 16, 18, 19, 21, 22, 23, 27, 28, 31, 33, 35, 41, 43, 44, 47, 57
000361, 08, 13, 15, 19, 21, 35, 36, 37, 39, 41, 43, 45, 46, 49, 50, 51, 55, 56, 57, 60
000362, 03, 04, 05, 10, 15, 16, 19, 20, 21, 26, 30, 31, 33, 38, 43, 46, 48, 54, 58, 60
000363, 01, 02, 03, 04, 08, 11, 17, 20, 23, 27, 29, 30, 36, 40, 45, 48, 50, 52, 57, 60
000364, 05, 10, 14, 19, 20, 22, 24, 27, 30, 34, 35, 36, 41, 46, 47, 56, 57, 58, 59, 60
000365, 01, 02, 03, 05, 06, 08, 12, 13, 14, 18, 21, 23, 26, 33, 39, 40, 48, 51, 55, 58
000366, 03, 07, 08, 15, 19, 20, 21, 28, 29, 34, 35, 38, 43, 46, 47, 49, 52, 58, 59, 60
000367, 03, 05, 07, 15, 16, 19, 22, 24, 25, 27, 28, 30, 32, 33, 37, 41, 47, 48, 53, 56
000368, 03, 06, 10, 12, 16, 20, 23, 29, 31, 34, 36, 43, 45, 47, 49, 51, 56, 58, 59, 60
000369, 01, 05, 06, 07, 10, 11, 12, 15, 18, 19, 22, 26, 32, 34, 37, 38, 39, 40, 46, 60
000370, 01, 02, 03, 06, 08, 11, 12, 14, 15, 17, 20, 21, 23, 30, 33, 36, 37, 43, 52, 56
000371, 01, 02, 03, 06, 11, 13, 15, 19, 22, 26, 28, 30, 32, 34, 38, 40, 42, 47, 48, 56
000372, 01, 02, 08, 10, 11, 19, 21, 30, 35, 38, 39, 45, 47, 48, 51, 54, 57, 58, 59, 60
000373, 01, 06, 08, 11, 13, 14, 15, 16, 22, 24, 28, 30, 32, 36, 39, 41, 50, 52, 53, 57
000374, 03, 08, 19, 20, 21, 28, 29, 31, 33, 40, 41, 42, 43, 44, 46, 50, 56, 57, 58, 60
000375, 02, 08, 13, 16, 19, 20, 25, 35, 36, 37, 41, 42, 43, 44, 48, 49, 52, 58, 59, 60
000376, 02, 06, 07, 08, 13, 15, 19, 22, 24, 27, 28, 30, 33, 34, 35, 42, 45, 54, 58, 60
000377, 01, 03, 05, 16, 18, 19, 20, 23, 26, 27, 33, 35, 42, 44, 48, 49, 50, 51, 56, 58
000378, 05, 10, 12, 14, 15, 20, 22, 25, 27, 28, 29, 31, 34, 40, 42, 43, 49, 55, 57, 60
000379, 04, 05, 06, 07, 10, 13, 14, 16, 27, 29, 30, 36, 40, 46, 48, 49, 50, 53, 57, 59
000380, 02, 05, 07, 15, 22, 23, 24, 26, 30, 32, 42, 43, 44, 47, 50, 51, 53, 54, 56, 58
000381, 02, 06, 08, 13, 21, 22, 25, 29, 33, 35, 37, 39, 40, 41, 42, 48, 53, 56, 58, 60
000382, 04, 05, 06, 08, 10, 12, 15, 17, 20, 24, 25, 26, 30, 32, 36, 41, 44, 51, 54, 56
000383, 01, 06, 13, 18, 19, 20, 22, 23, 26, 28, 30, 35, 43, 45, 46, 47, 48, 52, 56, 57
000384, 02, 06, 11, 14, 22, 23, 24, 28, 30, 33, 34, 36, 37, 38, 39, 40, 44, 51, 57, 58
000385, 03, 05, 09, 17, 20, 22, 23, 26, 28, 29, 31, 32, 33, 34, 35, 36, 39, 42, 50, 58
000386, 01, 05, 08, 11, 12, 17, 23, 24, 26, 27, 30, 31, 32, 33, 41, 46, 48, 51, 55, 57
000387, 02, 10, 12, 15, 22, 23, 26, 28, 30, 31, 37, 38, 39, 43, 44, 47, 48, 50, 52, 55
000388, 02, 03, 05, 08, 11, 16, 19, 21, 23, 24, 29, 30, 40, 41, 43, 46, 47, 52, 57, 58
000389, 02, 05, 07, 08, 16, 17, 22, 28, 29, 30, 33, 34, 37, 38, 42, 47, 48, 49, 53, 59
000390, 01, 05, 06, 08, 16, 17, 18, 20, 23, 34, 37, 38, 39, 40, 45, 50, 52, 58, 59, 60
000391, 02, 07, 12, 14, 18, 21, 22, 25, 26, 28, 30, 32, 33, 37, 38, 49, 51, 58, 59, 60
000392, 03, 06, 10, 13, 17, 18, 21, 23, 28, 31, 37, 39, 41, 42, 46, 53, 55, 58, 59, 60
000393, 03, 07, 08, 09, 14, 17, 21, 22, 23, 24, 26, 28, 30, 33, 34, 40, 44, 49, 54, 59
000394, 03, 07, 09, 13, 15, 16, 20, 22, 23, 31, 33, 36, 42, 43, 44, 48, 50, 55, 57, 58
000395, 02, 04, 07, 08, 12, 13, 14, 18, 20, 21, 25, 26, 32, 33, 39, 41, 42, 43, 47, 58
000396, 01, 04, 06, 07, 08, 11, 14, 16, 17, 20, 23, 25, 28, 35, 36, 38, 43, 49, 50, 55
000397, 01, 03, 04, 06, 07, 11, 13, 17, 18, 24, 31, 32, 37, 38, 44, 45, 49, 50, 55, 56
000398, 04, 07, 08, 11, 14, 18, 19, 22, 23, 24, 27, 34, 38, 39, 42, 43, 56, 58, 59, 60
000399, 02, 03, 04, 13, 14, 15, 16, 17, 18, 23, 26, 27, 28, 41, 51, 55, 56, 57, 59, 60
000400, 18, 19, 22, 25, 26, 27, 28, 29, 30, 31, 33, 37, 38, 39, 43, 52, 54, 55, 56, 58
000401, 01, 10, 14, 15, 19, 21, 22, 23, 24, 26, 27, 28, 32, 41, 44, 46, 49, 53, 55, 57
000402, 01, 02, 06, 08, 11, 12, 13, 16, 17, 22, 24, 28, 32, 34, 39, 44, 51, 52, 53, 58
000403, 06, 10, 11, 15, 18, 19, 21, 22, 24, 28, 33, 39, 46, 49, 52, 53, 55, 56, 57, 60
000404, 14, 17, 23, 25, 26, 27, 28, 30, 31, 35, 36, 39, 41, 49, 50, 51, 52, 55, 58, 59
000405, 01, 02, 08, 10, 11, 17, 23, 24, 25, 26, 28, 29, 31, 32, 40, 41, 43, 51, 52, 58
000406, 05, 10, 11, 14, 15, 17, 24, 27, 29, 32, 34, 35, 37, 39, 40, 44, 49, 50, 52, 53
000407, 03, 08, 10, 12, 24, 25, 27, 32, 36, 37, 41, 42, 45, 47, 50, 52, 53, 54, 55, 58
000408, 06, 08, 10, 14, 18, 23, 24, 25, 29, 33, 35, 37, 38, 44, 47, 48, 52, 53, 56, 58
000409, 02, 07, 08, 10, 12, 13, 16, 19, 20, 21, 24, 27, 36, 42, 43, 44, 47, 54, 55, 57
000410, 01, 06, 13, 14, 17, 18, 19, 21, 22, 23, 25, 31, 34, 39, 42, 46, 50, 52, 54, 56
000411, 01, 02, 03, 04, 06, 07, 08, 11, 15, 21, 27, 30, 31, 33, 35, 41, 46, 53, 55, 60
000412, 01, 07, 14, 16, 17, 19, 21, 22, 25, 30, 31, 35, 36, 39, 40, 41, 46, 49, 51, 59
000413, 05, 07, 11, 12, 13, 15, 16, 17, 24, 25, 31, 36, 38, 43, 44, 46, 52, 54, 56, 60
000414, 04, 06, 08, 11, 13, 14, 17, 24, 27, 29, 31, 32, 34, 36, 37, 39, 43, 46, 50, 55
000415, 10, 11, 13, 16, 17, 18, 21, 24, 29, 32, 33, 34, 39, 41, 43, 51, 54, 55, 56, 57
000416, 03, 04, 05, 06, 09, 12, 13, 14, 18, 24, 26, 34, 35, 37, 43, 45, 47, 51, 52, 53
000417, 11, 19, 20, 21, 22, 24, 25, 33, 34, 35, 38, 39, 43, 47, 49, 50, 54, 58, 59, 60
000418, 06, 09, 10, 11, 15, 16, 19, 20, 21, 31, 32, 33, 36, 37, 39, 40, 41, 46, 47, 54
000419, 01, 04, 05, 08, 11, 12, 16, 20, 21, 24, 28, 29, 30, 32, 33, 37, 39, 41, 45, 55
000420, 05, 08, 11, 12, 17, 18, 21, 22, 23, 30, 32, 34, 36, 39, 47, 51, 52, 54, 55, 58
000421, 01, 05, 08, 09, 12, 14, 21, 26, 29, 31, 32, 37, 43, 45, 46, 49, 50, 55, 56, 59
000422, 06, 08, 10, 12, 14, 15, 19, 20, 22, 23, 25, 26, 27, 28, 30, 48, 50, 55, 57, 60
000423, 04, 07, 10, 15, 17, 19, 20, 27, 29, 32, 33, 35, 37, 43, 44, 51, 52, 53, 58, 59
000424, 11, 17, 18, 19, 22, 25, 27, 28, 29, 32, 33, 35, 39, 42, 43, 48, 50, 52, 54, 55
000425, 07, 12, 15, 24, 27, 34, 36, 37, 38, 40, 42, 43, 44, 47, 49, 52, 55, 56, 59, 60
000426, 01, 02, 06, 10, 11, 13, 15, 16, 17, 18, 19, 24, 27, 33, 43, 48, 50, 53, 55, 56
000427, 02, 03, 05, 06, 09, 10, 12, 14, 18, 23, 33, 36, 38, 39, 41, 43, 51, 55, 57, 58
000428, 02, 06, 09, 10, 11, 15, 22, 26, 27, 31, 32, 38, 39, 42, 45, 48, 50, 52, 54, 59
000429, 01, 03, 04, 05, 08, 13, 16, 17, 19, 20, 23, 25, 30, 33, 40, 46, 50, 51, 56, 58
000430, 07, 08, 11, 16, 17, 18, 21, 22, 27, 30, 32, 38, 39, 41, 43, 50, 52, 56, 58, 60
000431, 04, 05, 06, 07, 09, 11, 12, 17, 20, 22, 24, 25, 30, 41, 44, 46, 50, 53, 57, 60
000432, 04, 05, 06, 07, 17, 20, 23, 24, 25, 28, 33, 34, 35, 36, 39, 47, 48, 50, 51, 60
000433, 03, 08, 10, 11, 12, 13, 15, 18, 19, 22, 23, 25, 26, 28, 30, 33, 39, 44, 59, 60
000434, 01, 07, 08, 09, 11, 17, 22, 24, 27, 28, 29, 33, 35, 36, 37, 43, 44, 48, 58, 60
000435, 01, 02, 04, 05, 06, 18, 24, 25, 29, 32, 34, 36, 40, 42, 43, 44, 49, 51, 53, 60
000436, 03, 06, 10, 14, 18, 19, 20, 23, 29, 34, 35, 36, 43, 44, 46, 47, 50, 52, 54, 59
000437, 01, 06, 09, 10, 24, 32, 34, 36, 38, 39, 44, 45, 46, 49, 51, 54, 55, 56, 57, 60
000438, 01, 02, 08, 10, 15, 21, 22, 23, 26, 33, 36, 39, 42, 43, 45, 47, 52, 53, 54, 58
000439, 06, 08, 12, 13, 14, 15, 21, 26, 33, 39, 40, 45, 46, 49, 52, 55, 56, 57, 59, 60
000440, 01, 04, 06, 15, 19, 28, 29, 30, 32, 39, 40, 41, 42, 43, 44, 49, 51, 57, 59, 60
000441, 01, 04, 07, 08, 10, 11, 12, 16, 21, 22, 24, 25, 31, 37, 41, 42, 51, 53, 58, 59
000442, 01, 02, 03, 15, 16, 18, 20, 21, 26, 28, 29, 34, 36, 38, 40, 41, 44, 45, 52, 59
000443, 03, 09, 11, 17, 18, 19, 21, 23, 28, 29, 33, 36, 40, 41, 42, 45, 49, 50, 53, 55
000444, 01, 05, 08, 12, 14, 15, 17, 19, 24, 30, 33, 35, 37, 40, 41, 42, 43, 51, 52, 57
000445, 04, 08, 10, 11, 12, 13, 25, 26, 30, 31, 37, 41, 43, 44, 45, 53, 56, 57, 58, 59
000446, 01, 05, 12, 20, 21, 22, 23, 24, 33, 34, 35, 36, 37, 39, 42, 48, 55, 57, 58, 60
000447, 04, 05, 07, 08, 11, 12, 14, 16, 31, 32, 35, 40, 41, 43, 47, 48, 51, 53, 58, 59
000448, 08, 09, 14, 17, 19, 23, 24, 27, 29, 31, 34, 38, 39, 44, 45, 46, 50, 54, 58, 59
000449, 04, 05, 08, 09, 11, 12, 14, 16, 18, 22, 24, 25, 27, 33, 39, 46, 51, 53, 56, 58
000450, 07, 08, 10, 13, 14, 23, 29, 30, 31, 37, 40, 41, 42, 44, 47, 48, 55, 58, 59, 60
000451, 01, 02, 05, 09, 10, 14, 22, 23, 24, 27, 28, 29, 31, 33, 36, 44, 45, 50, 53, 56
000452, 01, 02, 03, 06, 07, 08, 16, 17, 19, 24, 26, 28, 36, 37, 47, 48, 51, 54, 55, 57
000453, 01, 02, 04, 08, 11, 12, 16, 17, 19, 22, 31, 38, 42, 43, 45, 46, 48, 53, 58, 59
000454, 01, 07, 08, 10, 12, 20, 21, 23, 27, 28, 30, 37, 41, 45, 47, 49, 50, 51, 54, 60
000455, 03, 05, 06, 07, 08, 11, 15, 18, 22, 26, 27, 29, 30, 32, 43, 45, 46, 52, 53, 56
000456, 02, 04, 07, 10, 13, 18, 22, 23, 25, 27, 28, 31, 33, 39, 41, 42, 43, 45, 48, 60
000457, 03, 04, 05, 06, 08, 12, 18, 20, 21, 25, 28, 29, 40, 43, 45, 46, 47, 50, 54, 56
000458, 04, 07, 08, 11, 16, 18, 19, 20, 26, 28, 30, 31, 33, 37, 38, 46, 48, 54, 57, 59
000459, 01, 02, 06, 10, 11, 13, 15, 16, 20, 24, 25, 31, 32, 35, 41, 51, 52, 53, 55, 60
000460, 05, 06, 08, 10, 12, 14, 17, 21, 23, 25, 27, 31, 39, 40, 41, 45, 48, 49, 52, 57
000461, 04, 08, 09, 10, 12, 21, 27, 28, 29, 32, 34, 36, 37, 40, 41, 47, 50, 51, 54, 60
000462, 01, 05, 06, 11, 18, 23, 24, 26, 28, 31, 37, 38, 39, 40, 41, 46, 49, 51, 57, 59
000463, 01, 09, 10, 12, 16, 19, 20, 30, 35, 38, 41, 44, 45, 49, 52, 54, 55, 57, 58, 59
000464, 02, 08, 10, 12, 15, 22, 29, 30, 31, 33, 34, 40, 42, 43, 47, 49, 50, 51, 58, 60
000465, 02, 05, 07, 08, 14, 21, 27, 29, 35, 37, 38, 41, 42, 45, 49, 50, 54, 57, 58, 59
000466, 03, 07, 08, 09, 17, 20, 24, 28, 30, 31, 32, 34, 35, 37, 40, 48, 50, 54, 57, 58
000467, 04, 07, 12, 14, 17, 18, 23, 27, 28, 32, 33, 37, 40, 44, 46, 48, 54, 56, 58, 59
000468, 05, 08, 11, 19, 20, 22, 23, 26, 30, 31, 32, 36, 38, 39, 43, 44, 46, 48, 54, 59
000469, 05, 10, 11, 13, 17, 19, 20, 23, 24, 31, 34, 35, 36, 41, 43, 49, 52, 56, 57, 58
000470, 03, 04, 05, 06, 07, 12, 17, 18, 25, 26, 29, 31, 35, 44, 45, 49, 50, 52, 53, 57
000471, 01, 03, 08, 11, 12, 17, 19, 20, 22, 29, 30, 31, 38, 39, 45, 46, 50, 51, 58, 59
000472, 01, 04, 06, 09, 13, 14, 15, 17, 23, 24, 27, 28, 31, 33, 40, 41, 43, 48, 49, 57
000473, 02, 04, 09, 10, 13, 24, 25, 26, 28, 29, 31, 35, 36, 40, 41, 44, 45, 47, 49, 55
000474, 03, 05, 10, 11, 12, 13, 26, 28, 33, 37, 39, 41, 43, 45, 47, 53, 55, 57, 58, 60
000475, 02, 07, 13, 19, 20, 32, 34, 35, 36, 37, 38, 40, 41, 44, 47, 49, 51, 54, 57, 60
000476, 03, 05, 07, 13, 17, 18, 19, 23, 26, 31, 33, 34, 41, 42, 46, 52, 53, 54, 57, 59
000477, 02, 05, 08, 11, 13, 18, 20, 21, 28, 30, 32, 33, 37, 48, 51, 54, 55, 58, 59, 60
000478, 04, 05, 07, 08, 12, 14, 18, 19, 22, 24, 29, 36, 38, 39, 40, 41, 50, 52, 53, 58
000479, 01, 05, 06, 07, 13, 14, 16, 18, 21, 25, 27, 28, 29, 35, 36, 39, 43, 44, 47, 60
000480, 03, 07, 10, 15, 16, 19, 24, 25, 29, 30, 31, 32, 38, 45, 47, 48, 50, 52, 55, 59
000481, 02, 04, 08, 09, 11, 16, 18, 20, 21, 25, 27, 32, 33, 34, 35, 41, 44, 55, 56, 59
000482, 01, 03, 07, 12, 13, 15, 17, 23, 24, 26, 27, 35, 37, 38, 39, 44, 52, 55, 56, 59
000483, 02, 03, 06, 12, 14, 16, 22, 26, 27, 32, 34, 37, 43, 44, 45, 46, 47, 49, 50, 52
000484, 07, 08, 11, 14, 15, 17, 18, 20, 21, 23, 29, 36, 37, 41, 42, 46, 51, 54, 55, 58
000485, 05, 08, 11, 12, 14, 17, 18, 22, 23, 26, 31, 33, 39, 42, 46, 47, 49, 51, 55, 59
000486, 03, 11, 13, 23, 24, 25, 27, 31, 32, 37, 38, 41, 42, 46, 48, 49, 54, 56, 59, 60
000487, 01, 03, 06, 10, 15, 18, 19, 24, 31, 32, 34, 36, 38, 40, 44, 46, 51, 55, 58, 59
000488, 01, 06, 09, 10, 14, 17, 19, 25, 27, 30, 38, 40, 41, 44, 49, 51, 53, 54, 55, 58
000489, 03, 05, 07, 08, 10, 27, 28, 33, 35, 37, 38, 39, 40, 42, 51, 52, 53, 56, 58, 60
000490, 01, 07, 13, 15, 16, 17, 18, 22, 23, 29, 33, 35, 36, 37, 38, 40, 41, 46, 47, 51
000491, 04, 05, 11, 13, 17, 20, 25, 26, 27, 31, 32, 33, 37, 38, 39, 44, 45, 47, 52, 60
000492, 03, 05, 08, 10, 12, 15, 25, 26, 32, 33, 37, 39, 43, 45, 47, 50, 53, 54, 56, 57
000493, 01, 07, 11, 12, 13, 18, 22, 24, 29, 30, 34, 35, 37, 43, 44, 46, 47, 48, 51, 54
000494, 04, 05, 07, 08, 10, 14, 18, 22, 24, 27, 29, 34, 35, 36, 37, 39, 44, 50, 55, 58
000495, 01, 02, 04, 08, 12, 14, 18, 23, 24, 25, 31, 36, 43, 44, 46, 48, 50, 52, 54, 58
000496, 03, 05, 10, 14, 17, 20, 26, 32, 34, 35, 36, 38, 39, 40, 41, 45, 52, 55, 56, 60
000497, 02, 03, 06, 10, 11, 12, 13, 20, 23, 25, 29, 31, 34, 35, 39, 40, 43, 45, 49, 58
000498, 02, 06, 07, 13, 17, 20, 23, 26, 28, 29, 31, 32, 36, 43, 46, 47, 51, 53, 57, 60
000499, 03, 06, 09, 10, 15, 18, 19, 22, 27, 28, 30, 31, 33, 42, 49, 50, 54, 57, 58, 59
000500, 03, 04, 05, 08, 09, 11, 15, 18, 28, 32, 33, 36, 43, 46, 49, 50, 52, 53, 54, 60
000501, 02, 03, 04, 05, 06, 07, 13, 16, 18, 22, 25, 30, 31, 37, 39, 41, 44, 46, 49, 54
000502, 03, 06, 13, 15, 16, 17, 19, 20, 22, 24, 28, 32, 39, 40, 41, 43, 45, 51, 58, 60
000503, 01, 03, 04, 07, 10, 11, 12, 13, 16, 17, 20, 22, 26, 31, 35, 37, 38, 39, 51, 52
000504, 01, 02, 03, 06, 12, 17, 22, 23, 24, 26, 29, 30, 35, 38, 44, 47, 51, 53, 56, 59
000505, 04, 06, 08, 09, 12, 13, 14, 16, 20, 21, 23, 24, 26, 27, 38, 42, 43, 48, 50, 51
000506, 06, 07, 08, 14, 15, 17, 19, 21, 24, 30, 36, 38, 40, 45, 47, 50, 52, 53, 59, 60
000507, 03, 06, 10, 13, 14, 20, 22, 24, 25, 29, 30, 33, 38, 44, 45, 49, 53, 54, 55, 56
000508, 03, 05, 11, 19, 20, 23, 26, 27, 29, 31, 35, 37, 38, 44, 45, 46, 47, 56, 57, 60
000509, 01, 03, 04, 05, 06, 10, 12, 14, 17, 23, 35, 37, 43, 44, 46, 47, 48, 52, 55, 59
000510, 02, 10, 14, 15, 16, 18, 26, 27, 28, 31, 39, 41, 42, 43, 45, 46, 47, 48, 52, 59
000511, 01, 04, 07, 08, 09, 10, 11, 20, 22, 24, 34, 39, 43, 46, 51, 52, 55, 56, 57, 60
000512, 01, 06, 12, 13, 15, 17, 22, 23, 26, 27, 31, 35, 38, 41, 47, 50, 51, 56, 57, 59
000513, 01, 03, 04, 05, 06, 10, 14, 16, 19, 22, 30, 31, 35, 41, 42, 43, 52, 55, 57, 59
000514, 01, 02, 05, 07, 11, 15, 17, 18, 19, 20, 21, 36, 41, 45, 48, 53, 54, 58, 59, 60
000515, 02, 04, 08, 10, 11, 14, 15, 17, 21, 23, 24, 29, 36, 39, 44, 52, 54, 57, 59, 60
000516, 03, 10, 12, 13, 17, 25, 29, 30, 32, 39, 41, 43, 44, 46, 51, 53, 55, 56, 57, 59
000517, 01, 06, 09, 12, 27, 29, 31, 32, 33, 35, 38, 39, 42, 43, 48, 54, 56, 58, 59, 60
000518, 01, 03, 04, 05, 07, 08, 12, 13, 17, 18, 19, 26, 27, 30, 31, 32, 39, 40, 49, 58
000519, 03, 11, 12, 14, 17, 19, 21, 22, 28, 35, 38, 39, 40, 41, 42, 50, 52, 55, 57, 59
000520, 04, 06, 07, 09, 11, 16, 17, 18, 23, 24, 25, 30, 31, 32, 35, 41, 42, 51, 52, 58
000521, 06, 19, 21, 25, 26, 27, 28, 29, 30, 32, 33, 36, 37, 48, 50, 51, 52, 53, 56, 57
000522, 01, 03, 09, 11, 13, 21, 23, 26, 34, 35, 36, 40, 43, 44, 46, 50, 53, 54, 57, 58
000523, 01, 02, 06, 08, 14, 16, 17, 18, 26, 28, 29, 30, 31, 32, 38, 39, 44, 48, 55, 56
000524, 03, 04, 08, 09, 15, 16, 17, 18, 20, 29, 31, 35, 37, 40, 45, 46, 52, 54, 56, 57
000525, 01, 03, 04, 11, 13, 15, 21, 24, 29, 30, 34, 35, 37, 39, 40, 45, 50, 51, 58, 59
000526, 02, 05, 16, 18, 19, 20, 21, 23, 25, 28, 30, 34, 36, 38, 39, 42, 50, 54, 57, 60
000527, 07, 09, 10, 15, 16, 17, 26, 31, 34, 35, 38, 40, 42, 47, 49, 50, 51, 52, 58, 60
000528, 01, 05, 09, 14, 15, 22, 23, 26, 33, 34, 38, 39, 44, 46, 48, 50, 57, 58, 59, 60
000529, 04, 06, 15, 17, 19, 20, 24, 26, 28, 33, 35, 40, 41, 42, 48, 49, 53, 56, 58, 60
000530, 06, 08, 14, 16, 18, 20, 25, 31, 34, 36, 37, 38, 39, 40, 41, 42, 43, 49, 52, 53
000531, 06, 09, 11, 14, 15, 16, 18, 21, 23, 25, 33, 41, 44, 47, 48, 51, 52, 55, 56, 57
000532, 03, 06, 08, 09, 11, 14, 15, 16, 18, 19, 21, 26, 32, 35, 36, 39, 43, 49, 54, 60
000533, 03, 05, 07, 10, 14, 26, 31, 36, 37, 38, 41, 42, 45, 48, 50, 52, 55, 56, 58, 59
000534, 10, 11, 15, 16, 17, 18, 21, 28, 30, 31, 34, 36, 37, 38, 42, 43, 48, 50, 52, 54
000535, 03, 06, 16, 17, 19, 30, 31, 32, 33, 34, 36, 37, 38, 40, 41, 42, 44, 46, 48, 52
000536, 02, 05, 06, 07, 08, 09, 11, 15, 17, 23, 24, 27, 28, 40, 45, 49, 51, 56, 58, 60
000537, 09, 12, 13, 15, 16, 18, 23, 27, 33, 36, 37, 39, 40, 41, 42, 43, 46, 48, 49, 58
000538, 03, 05, 08, 10, 13, 17, 19, 22, 28, 31, 32, 33, 37, 42, 44, 47, 48, 51, 55, 60
000539, 01, 03, 10, 11, 13, 19, 23, 28, 30, 32, 35, 36, 37, 44, 48, 49, 50, 54, 55, 57
000540, 01, 03, 06, 13, 14, 17, 20, 21, 22, 23, 25, 27, 28, 30, 36, 40, 46, 54, 57, 60
000541, 02, 06, 07, 10, 11, 12, 13, 15, 16, 18, 19, 25, 32, 33, 43, 49, 53, 54, 56, 59
000542, 03, 04, 07, 13, 14, 17, 18, 27, 28, 31, 32, 33, 36, 38, 45, 46, 47, 55, 58, 59
000543, 02, 05, 06, 07, 09, 12, 15, 19, 24, 26, 29, 32, 36, 37, 39, 40, 46, 50, 56, 59
000544, 01, 03, 05, 09, 10, 15, 16, 19, 21, 24, 39, 43, 47, 48, 50, 52, 53, 56, 57, 58
000545, 05, 13, 14, 16, 18, 21, 24, 25, 28, 31, 35, 37, 40, 43, 45, 46, 47, 57, 58, 60
000546, 06, 09, 11, 12, 14, 16, 24, 25, 27, 35, 38, 40, 41, 45, 48, 49, 50, 51, 57, 58
000547, 01, 02, 04, 06, 08, 09, 10, 11, 18, 20, 21, 22, 29, 37, 45, 47, 49, 51, 53, 54
000548, 03, 06, 07, 08, 09, 10, 15, 18, 26, 35, 36, 37, 38, 39, 42, 45, 48, 52, 57, 58
000549, 01, 04, 05, 06, 12, 14, 18, 20, 21, 23, 32, 34, 35, 40, 41, 42, 46, 49, 52, 56
000550, 01, 03, 04, 06, 08, 10, 11, 17, 18, 22, 24, 26, 39, 40, 44, 47, 53, 56, 58, 60
000551, 01, 05, 07, 09, 13, 15, 18, 19, 26, 29, 30, 34, 39, 46, 49, 52, 55, 56, 58, 59
000552, 02, 08, 10, 12, 13, 14, 23, 25, 27, 29, 30, 33, 36, 40, 42, 43, 50, 53, 56, 60
000553, 04, 05, 06, 08, 09, 11, 13, 14, 15, 17, 22, 23, 25, 26, 31, 34, 37, 47, 53, 56
000554, 01, 02, 07, 08, 10, 15, 16, 19, 20, 23, 24, 25, 26, 29, 32, 35, 50, 53, 54, 58
000555, 01, 03, 04, 08, 12, 13, 21, 22, 27, 28, 31, 32, 36, 38, 41, 47, 51, 56, 57, 59
000556, 01, 04, 05, 12, 13, 16, 21, 22, 24, 26, 30, 34, 35, 37, 38, 40, 45, 47, 52, 57
000557, 03, 06, 08, 15, 18, 19, 20, 21, 22, 25, 26, 28, 29, 35, 36, 40, 44, 50, 54, 59
000558, 01, 02, 17, 19, 20, 22, 24, 27, 29, 30, 32, 37, 42, 47, 48, 53, 56, 58, 59, 60
000559, 02, 04, 05, 06, 18, 20, 22, 24, 25, 28, 30, 32, 35, 36, 38, 40, 42, 51, 54, 57
000560, 01, 03, 08, 11, 15, 20, 21, 25, 27, 29, 32, 37, 38, 40, 45, 47, 49, 50, 51, 58
000561, 01, 03, 04, 12, 14, 16, 26, 27, 30, 33, 34, 36, 41, 44, 46, 48, 50, 52, 53, 58
000562, 02, 03, 06, 09, 12, 17, 25, 26, 27, 31, 33, 40, 41, 46, 48, 49, 50, 53, 55, 60
000563, 01, 03, 04, 06, 10, 12, 14, 18, 25, 33, 34, 37, 40, 45, 46, 49, 51, 54, 56, 57
000564, 02, 09, 10, 13, 17, 19, 20, 21, 23, 25, 27, 28, 30, 40, 48, 51, 52, 55, 59, 60
000565, 02, 05, 08, 09, 10, 11, 12, 19, 20, 21, 24, 25, 26, 27, 32, 40, 44, 47, 51, 58
000566, 04, 15, 16, 17, 24, 25, 26, 29, 32, 33, 34, 35, 39, 42, 43, 46, 50, 53, 55, 59
000567, 02, 05, 06, 09, 13, 15, 17, 23, 24, 26, 31, 33, 36, 39, 42, 51, 53, 54, 57, 58
000568, 06, 12, 15, 22, 24, 25, 27, 29, 32, 33, 35, 37, 38, 39, 42, 49, 50, 51, 52, 60
000569, 01, 04, 06, 09, 10, 11, 12, 14, 15, 19, 23, 34, 35, 39, 48, 53, 57, 58, 59, 60
000570, 02, 11, 12, 15, 17, 19, 26, 27, 29, 30, 31, 35, 39, 41, 48, 49, 53, 55, 58, 60
000571, 05, 08, 12, 14, 19, 21, 24, 33, 36, 40, 41, 44, 45, 47, 48, 49, 50, 57, 58, 59
000572, 04, 07, 15, 17, 18, 23, 24, 25, 26, 27, 28, 30, 33, 36, 37, 41, 46, 49, 53, 60
000573, 03, 05, 08, 10, 13, 16, 17, 18, 19, 21, 25, 27, 29, 33, 34, 40, 41, 44, 45, 54
000574, 01, 09, 14, 16, 20, 21, 22, 23, 28, 30, 31, 32, 37, 41, 46, 47, 52, 55, 56, 59
000575, 02, 06, 07, 08, 12, 13, 15, 19, 21, 22, 29, 30, 31, 41, 43, 48, 49, 53, 56, 57
000576, 02, 06, 09, 14, 16, 18, 23, 30, 36, 38, 42, 44, 45, 46, 47, 48, 50, 53, 54, 57
000577, 08, 10, 14, 15, 20, 25, 28, 29, 30, 33, 34, 36, 40, 44, 45, 46, 49, 51, 58, 59
000578, 12, 13, 17, 22, 23, 24, 25, 26, 30, 35, 37, 38, 42, 44, 46, 49, 50, 51, 52, 54
000579, 02, 03, 05, 06, 07, 12, 19, 24, 25, 26, 27, 31, 34, 42, 48, 51, 53, 55, 56, 59
000580, 02, 03, 04, 09, 10, 12, 14, 15, 18, 19, 22, 24, 25, 32, 36, 46, 50, 51, 54, 59
000581, 02, 05, 08, 11, 16, 17, 21, 24, 25, 26, 29, 33, 34, 35, 41, 42, 44, 48, 55, 59
000582, 02, 07, 10, 12, 13, 16, 21, 25, 27, 28, 30, 36, 46, 47, 48, 52, 53, 55, 58, 59
000583, 04, 05, 06, 08, 10, 12, 15, 21, 31, 32, 33, 34, 36, 42, 43, 44, 47, 50, 53, 54
000584, 03, 04, 07, 08, 09, 14, 16, 20, 23, 24, 29, 36, 41, 43, 46, 48, 49, 51, 57, 60
000585, 03, 05, 07, 08, 14, 18, 19, 20, 36, 37, 42, 44, 45, 50, 52, 53, 54, 55, 56, 57
000586, 01, 02, 05, 06, 09, 17, 19, 22, 24, 31, 32, 33, 36, 43, 46, 48, 51, 54, 57, 60
000587, 02, 03, 11, 13, 15, 18, 20, 29, 34, 35, 37, 38, 41, 45, 46, 47, 53, 54, 57, 58
000588, 04, 06, 09, 10, 14, 16, 17, 18, 20, 24, 25, 27, 28, 30, 32, 35, 43, 44, 51, 58
000589, 02, 07, 08, 11, 13, 18, 20, 24, 27, 28, 30, 33, 35, 38, 40, 41, 49, 52, 54, 60
000590, 03, 04, 05, 14, 16, 20, 27, 28, 30, 31, 33, 38, 42, 43, 44, 49, 51, 53, 56, 60
000591, 03, 07, 08, 10, 12, 14, 19, 20, 22, 32, 34, 37, 40, 43, 51, 52, 55, 56, 59, 60
000592, 03, 09, 16, 17, 20, 22, 23, 24, 33, 37, 38, 41, 46, 49, 50, 51, 53, 54, 55, 57
000593, 01, 07, 08, 10, 11, 15, 17, 23, 27, 31, 38, 39, 46, 49, 50, 52, 53, 57, 58, 60
000594, 02, 03, 05, 08, 15, 16, 19, 24, 25, 29, 32, 36, 37, 38, 42, 45, 49, 53, 56, 60
000595, 03, 09, 12, 13, 15, 18, 21, 24, 29, 30, 32, 35, 37, 41, 48, 51, 52, 53, 57, 59
000596, 02, 04, 06, 07, 09, 14, 16, 24, 28, 35, 37, 38, 39, 45, 47, 49, 50, 52, 57, 60
000597, 02, 04, 25, 31, 32, 35, 37, 38, 39, 40, 41, 42, 44, 46, 49, 50, 51, 53, 59, 60
000598, 04, 09, 13, 16, 18, 22, 28, 31, 32, 34, 35, 38, 40, 43, 45, 46, 47, 53, 58, 59
000599, 01, 03, 06, 07, 08, 14, 15, 16, 18, 20, 24, 26, 27, 30, 35, 36, 39, 55, 57, 59
000600, 01, 04, 09, 11, 12, 13, 16, 19, 21, 26, 29, 32, 34, 39, 41, 46, 49, 50, 51, 60
000601, 01, 05, 06, 07, 08, 09, 10, 15, 18, 27, 28, 40, 41, 47, 48, 50, 51, 53, 56, 59
000602, 06, 12, 13, 18, 19, 20, 22, 24, 26, 27, 32, 33, 36, 38, 40, 44, 48, 55, 57, 58
000603, 01, 02, 06, 07, 09, 12, 17, 20, 21, 25, 27, 28, 35, 36, 38, 42, 54, 55, 56, 58
000604, 01, 12, 20, 22, 25, 27, 28, 36, 37, 39, 41, 43, 44, 46, 48, 50, 56, 57, 58, 59
000605, 04, 05, 09, 20, 22, 26, 27, 28, 29, 31, 32, 33, 36, 42, 47, 50, 51, 57, 58, 60
000606, 02, 04, 05, 07, 09, 10, 13, 15, 16, 27, 30, 31, 35, 36, 43, 45, 49, 51, 52, 57
000607, 05, 06, 07, 11, 13, 14, 16, 19, 21, 23, 26, 27, 29, 37, 38, 40, 49, 54, 56, 57
000608, 06, 08, 14, 17, 20, 24, 31, 35, 37, 39, 41, 42, 43, 49, 50, 51, 54, 55, 58, 60
000609, 04, 05, 06, 14, 17, 18, 26, 28, 29, 31, 35, 39, 41, 43, 46, 47, 49, 50, 51, 52
000610, 01, 04, 05, 08, 12, 18, 22, 24, 28, 32, 33, 36, 37, 40, 41, 45, 47, 51, 53, 54
000611, 01, 04, 06, 13, 14, 17, 18, 19, 29, 34, 36, 37, 43, 47, 48, 49, 54, 56, 57, 59
000612, 03, 07, 11, 13, 19, 24, 26, 27, 28, 31, 32, 38, 39, 41, 42, 51, 52, 53, 57, 60
000613, 04, 08, 09, 17, 19, 20, 22, 25, 26, 29, 34, 36, 38, 43, 44, 48, 49, 50, 56, 59
000614, 02, 04, 09, 10, 17, 20, 22, 25, 32, 36, 37, 40, 44, 47, 49, 50, 51, 53, 56, 58
000615, 01, 02, 04, 06, 09, 10, 12, 15, 16, 17, 18, 19, 24, 30, 34, 35, 45, 58, 59, 60
000616, 01, 02, 07, 09, 17, 18, 19, 20, 21, 22, 25, 29, 32, 35, 36, 37, 39, 45, 49, 59
000617, 04, 05, 07, 13, 14, 15, 21, 22, 26, 29, 30, 33, 42, 49, 50, 51, 52, 53, 57, 58
000618, 03, 05, 08, 11, 13, 14, 16, 17, 18, 19, 21, 22, 25, 26, 31, 33, 40, 47, 56, 60
000619, 08, 10, 14, 20, 22, 23, 25, 26, 27, 29, 34, 36, 42, 45, 46, 48, 51, 53, 54, 59
000620, 04, 06, 07, 08, 09, 12, 14, 17, 18, 20, 33, 35, 37, 39, 45, 47, 50, 54, 57, 58
000621, 02, 04, 18, 21, 22, 28, 30, 31, 36, 37, 40, 43, 44, 45, 46, 47, 50, 52, 56, 58
000622, 02, 05, 08, 10, 12, 15, 16, 17, 22, 23, 28, 31, 33, 37, 38, 40, 45, 52, 53, 59
000623, 01, 10, 11, 15, 18, 21, 22, 24, 27, 32, 33, 38, 41, 44, 45, 46, 53, 55, 56, 58
000624, 02, 05, 06, 07, 08, 11, 12, 15, 19, 27, 28, 36, 37, 38, 40, 45, 47, 49, 51, 55
000625, 01, 03, 07, 09, 12, 16, 17, 20, 29, 34, 41, 44, 46, 47, 48, 52, 53, 55, 56, 57
000626, 03, 06, 11, 12, 14, 17, 20, 21, 27, 30, 31, 34, 35, 40, 50, 51, 53, 57, 58, 60
000627, 03, 06, 09, 10, 16, 17, 21, 26, 27, 30, 32, 35, 37, 40, 43, 47, 50, 52, 56, 57
000628, 01, 02, 04, 14, 15, 18, 20, 23, 24, 25, 31, 39, 40, 41, 44, 45, 51, 55, 57, 59
000629, 01, 02, 03, 07, 12, 17, 18, 20, 21, 27, 30, 31, 36, 40, 44, 48, 52, 53, 57, 59
000630, 01, 03, 04, 06, 09, 18, 20, 21, 22, 23, 28, 30, 35, 41, 42, 47, 50, 51, 54, 58
000631, 02, 04, 13, 14, 17, 20, 24, 25, 32, 35, 36, 39, 40, 41, 46, 48, 56, 57, 58, 59
000632, 01, 02, 08, 11, 16, 21, 31, 32, 33, 36, 37, 41, 46, 47, 49, 50, 52, 53, 55, 58
000633, 02, 03, 07, 10, 15, 16, 18, 20, 25, 26, 34, 38, 40, 43, 48, 49, 54, 55, 57, 58
000634, 06, 08, 09, 10, 11, 13, 17, 21, 22, 24, 25, 27, 29, 31, 34, 42, 49, 57, 58, 59
000635, 03, 04, 05, 06, 09, 15, 24, 26, 30, 31, 32, 33, 37, 38, 43, 44, 47, 51, 56, 58
000636, 03, 05, 09, 12, 13, 15, 19, 22, 23, 24, 25, 27, 30, 31, 33, 49, 50, 53, 54, 56
000637, 01, 11, 16, 19, 21, 23, 26, 28, 31, 32, 42, 43, 45, 46, 48, 49, 52, 53, 59, 60
000638, 01, 04, 11, 12, 13, 16, 18, 20, 24, 26, 29, 32, 40, 41, 44, 47, 48, 51, 52, 58
000639, 10, 11, 19, 21, 22, 23, 28, 30, 32, 38, 40, 44, 47, 49, 50, 51, 52, 54, 56, 58
000640, 03, 06, 11, 18, 19, 20, 26, 27, 28, 33, 35, 37, 41, 42, 43, 45, 50, 54, 57, 60
000641, 02, 04, 05, 11, 12, 16, 20, 22, 26, 28, 29, 32, 35, 37, 44, 48, 49, 51, 52, 59
000642, 03, 05, 06, 09, 12, 14, 16, 21, 22, 23, 28, 35, 38, 40, 41, 44, 47, 48, 49, 53
000643, 01, 02, 04, 15, 17, 18, 19, 21, 31, 35, 36, 40, 43, 45, 46, 49, 50, 53, 55, 58
000644, 01, 03, 05, 09, 13, 14, 16, 19, 21, 22, 26, 27, 30, 31, 36, 43, 46, 52, 55, 58
000645, 02, 03, 11, 14, 15, 16, 19, 20, 22, 23, 24, 29, 33, 39, 44, 49, 50, 51, 58, 60
000646, 02, 04, 06, 08, 10, 13, 15, 16, 18, 20, 24, 25, 28, 43, 44, 45, 46, 51, 53, 55
000647, 04, 05, 13, 22, 24, 29, 30, 31, 35, 36, 41, 43, 46, 48, 49, 50, 52, 54, 59, 60
000648, 02, 06, 12, 15, 16, 21, 22, 25, 29, 30, 34, 35, 36, 40, 41, 43, 49, 50, 54, 60
000649, 02, 08, 11, 12, 15, 16, 22, 24, 25, 26, 28, 31, 33, 38, 41, 46, 49, 51, 58, 59
000650, 03, 04, 06, 07, 11, 13, 16, 21, 28, 30, 31, 32, 35, 39, 40, 42, 51, 56, 57, 59
000651, 01, 04, 13, 14, 16, 18, 19, 21, 22, 29, 30, 34, 40, 41, 48, 49, 52, 53, 55, 56
000652, 03, 06, 08, 09, 11, 12, 13, 15, 16, 21, 22, 24, 25, 27, 32, 33, 35, 40, 48, 49
000653, 02, 04, 08, 09, 19, 20, 21, 26, 28, 31, 34, 37, 42, 48, 49, 50, 52, 53, 55, 59
000654, 01, 03, 04, 15, 18, 21, 23, 25, 30, 33, 35, 36, 37, 46, 48, 51, 55, 56, 59, 60
000655, 02, 03, 04, 05, 06, 10, 14, 21, 25, 26, 27, 30, 35, 36, 40, 44, 47, 49, 54, 55
000656, 02, 04, 05, 09, 10, 14, 18, 20, 21, 22, 24, 25, 29, 33, 34, 39, 40, 45, 54, 59
000657, 01, 05, 07, 08, 09, 12, 16, 21, 25, 26, 28, 31, 35, 36, 38, 40, 48, 49, 51, 60
000658, 03, 05, 09, 11, 12, 15, 22, 26, 27, 29, 31, 37, 38, 40, 41, 43, 47, 55, 56, 60
000659, 01, 04, 08, 09, 10, 15, 17, 18, 20, 23, 24, 25, 29, 30, 36, 40, 49, 50, 52, 59
000660, 05, 08, 10, 15, 17, 19, 21, 27, 30, 34, 37, 38, 43, 46, 50, 55, 57, 58, 59, 60
000661, 01, 04, 09, 18, 20, 21, 31, 35, 37, 38, 39, 41, 45, 47, 48, 50, 52, 57, 58, 59
000662, 01, 02, 03, 04, 05, 09, 13, 21, 23, 27, 29, 33, 34, 35, 37, 40, 42, 43, 49, 55
000663, 03, 04, 06, 08, 15, 20, 23, 24, 30, 31, 34, 35, 38, 42, 46, 47, 53, 54, 56, 59
000664, 01, 02, 04, 05, 09, 11, 12, 16, 17, 19, 20, 25, 28, 33, 39, 40, 45, 50, 51, 56
000665, 02, 04, 07, 11, 17, 18, 22, 25, 28, 29, 31, 34, 37, 38, 41, 48, 49, 56, 57, 59
000666, 02, 04, 06, 12, 15, 19, 20, 21, 23, 24, 25, 33, 34, 36, 37, 51, 54, 58, 59, 60
000667, 03, 04, 08, 10, 14, 21, 22, 25, 28, 38, 44, 45, 46, 47, 51, 52, 53, 54, 56, 57
000668, 03, 05, 09, 16, 18, 20, 28, 29, 30, 31, 33, 34, 35, 39, 45, 47, 50, 56, 57, 60
000669, 01, 02, 05, 09, 15, 17, 28, 33, 41, 42, 43, 44, 45, 46, 48, 50, 52, 55, 59, 60
000670, 07, 09, 11, 14, 18, 20, 21, 23, 29, 31, 32, 33, 35, 37, 38, 39, 44, 45, 46, 50
000671, 01, 05, 09, 11, 13, 14, 26, 27, 28, 29, 34, 36, 38, 40, 41, 46, 51, 54, 58, 59
000672, 01, 03, 07, 10, 11, 18, 21, 22, 28, 32, 33, 37, 38, 48, 51, 52, 53, 54, 56, 57
000673, 01, 02, 04, 06, 16, 21, 22, 26, 27, 28, 30, 32, 41, 45, 47, 48, 51, 53, 54, 59
000674, 04, 05, 06, 08, 10, 11, 13, 16, 17, 23, 25, 29, 30, 34, 40, 50, 51, 52, 54, 56
000675, 02, 06, 14, 19, 21, 26, 27, 31, 33, 37, 38, 40, 42, 45, 50, 51, 53, 56, 58, 60
000676, 10, 13, 18, 21, 23, 24, 26, 27, 31, 33, 35, 37, 38, 39, 40, 41, 44, 46, 50, 60
000677, 09, 15, 16, 17, 19, 23, 24, 26, 33, 34, 35, 36, 39, 40, 41, 43, 45, 55, 57, 60
000678, 02, 03, 04, 08, 09, 11, 14, 15, 21, 22, 25, 30, 34, 42, 44, 49, 52, 58, 59, 60
000679, 01, 04, 05, 06, 07, 08, 14, 18, 28, 29, 30, 33, 43, 44, 45, 47, 48, 57, 58, 59
000680, 02, 08, 09, 11, 14, 17, 27, 30, 32, 35, 39, 43, 45, 47, 49, 52, 53, 55, 56, 60
000681, 03, 06, 07, 08, 13, 17, 18, 23, 25, 27, 30, 33, 36, 37, 38, 40, 41, 43, 50, 51
000682, 02, 03, 05, 08, 10, 14, 16, 18, 24, 26, 27, 31, 35, 37, 45, 46, 47, 52, 53, 59
000683, 05, 06, 07, 08, 10, 18, 20, 22, 24, 25, 26, 28, 29, 35, 36, 37, 39, 42, 48, 55
000684, 01, 06, 07, 08, 10, 12, 15, 17, 23, 24, 33, 36, 38, 40, 41, 51, 52, 53, 58, 59
000685, 03, 08, 09, 10, 16, 18, 19, 23, 24, 25, 26, 41, 42, 49, 50, 51, 52, 54, 57, 58
000686, 02, 07, 09, 11, 12, 22, 23, 24, 27, 30, 36, 39, 40, 42, 45, 49, 51, 56, 58, 60
000687, 01, 03, 06, 12, 13, 14, 15, 18, 20, 21, 28, 29, 30, 33, 37, 39, 45, 54, 55, 58
000688, 01, 02, 04, 09, 11, 14, 15, 16, 18, 25, 32, 34, 35, 38, 42, 44, 46, 54, 56, 58
000689, 01, 05, 09, 12, 13, 15, 19, 24, 26, 27, 30, 36, 41, 43, 45, 46, 47, 49, 52, 55
000690, 01, 02, 03, 04, 05, 08, 11, 12, 18, 20, 21, 25, 30, 35, 42, 47, 50, 53, 56, 59
000691, 04, 05, 06, 08, 09, 13, 14, 15, 17, 22, 23, 35, 42, 44, 48, 54, 56, 57, 58, 59
000692, 02, 04, 08, 15, 18, 22, 25, 26, 27, 29, 30, 34, 40, 41, 42, 45, 46, 49, 52, 60
000693, 03, 07, 09, 12, 14, 15, 17, 21, 23, 24, 33, 34, 36, 39, 40, 48, 50, 53, 56, 59
000694, 08, 10, 15, 20, 22, 24, 26, 29, 31, 33, 34, 39, 42, 43, 48, 49, 56, 57, 59, 60
000695, 01, 04, 05, 15, 16, 22, 26, 27, 28, 31, 33, 35, 36, 39, 48, 53, 54, 57, 58, 60
000696, 05, 09, 11, 14, 17, 18, 25, 28, 29, 30, 37, 40, 42, 44, 48, 51, 53, 54, 57, 59
000697, 01, 03, 04, 08, 11, 12, 21, 24, 28, 30, 31, 33, 41, 42, 47, 53, 54, 55, 57, 59
000698, 02, 03, 07, 08, 10, 11, 12, 13, 16, 19, 25, 31, 33, 35, 44, 45, 50, 55, 56, 60
000699, 01, 05, 06, 07, 09, 10, 13, 16, 17, 23, 24, 25, 30, 37, 39, 44, 45, 54, 57, 59
000700, 02, 04, 14, 15, 16, 18, 19, 22, 24, 30, 31, 33, 43, 45, 47, 52, 53, 55, 56, 60
000701, 02, 03, 05, 12, 14, 21, 22, 25, 31, 32, 34, 38, 40, 48, 53, 54, 55, 56, 58, 59
000702, 04, 05, 10, 11, 12, 13, 15, 16, 19, 20, 23, 25, 29, 30, 34, 39, 41, 44, 47, 57
000703, 01, 07, 08, 10, 14, 20, 28, 30, 32, 35, 38, 40, 45, 47, 48, 49, 50, 52, 53, 56
000704, 02, 03, 10, 12, 13, 22, 24, 25, 28, 30, 31, 32, 33, 41, 45, 51, 52, 54, 56, 58
000705, 03, 04, 09, 12, 14, 15, 16, 20, 24, 25, 28, 29, 32, 34, 40, 41, 45, 52, 53, 55
000706, 01, 05, 07, 09, 11, 17, 27, 30, 33, 38, 39, 40, 44, 46, 47, 49, 52, 55, 58, 59
000707, 01, 02, 03, 04, 07, 10, 12, 17, 20, 23, 26, 27, 31, 32, 36, 37, 38, 50, 51, 60
000708, 01, 07, 09, 12, 13, 21, 22, 23, 30, 33, 35, 36, 37, 41, 46, 47, 48, 50, 54, 60
000709, 01, 05, 09, 11, 14, 25, 34, 39, 40, 42, 43, 46, 47, 49, 52, 54, 56, 57, 59, 60
000710, 01, 04, 07, 13, 14, 15, 17, 19, 21, 22, 23, 26, 31, 33, 35, 38, 51, 52, 58, 59
000711, 01, 04, 09, 15, 22, 23, 30, 32, 33, 34, 35, 36, 44, 45, 47, 50, 52, 53, 55, 58
000712, 04, 16, 22, 24, 25, 28, 32, 33, 37, 38, 40, 41, 42, 44, 49, 50, 51, 53, 56, 60
000713, 05, 08, 12, 18, 21, 24, 33, 34, 37, 38, 39, 43, 48, 49, 51, 52, 53, 54, 55, 58
000714, 05, 09, 10, 12, 13, 16, 17, 18, 23, 30, 31, 32, 33, 34, 42, 47, 49, 53, 54, 60
000715, 03, 08, 10, 12, 14, 15, 18, 24, 26, 28, 31, 34, 36, 40, 51, 53, 54, 55, 57, 58
000716, 02, 05, 07, 11, 13, 16, 17, 18, 19, 23, 24, 28, 32, 35, 36, 39, 42, 49, 57, 58
000717, 01, 09, 10, 12, 13, 16, 21, 25, 26, 30, 33, 34, 35, 36, 38, 46, 50, 54, 59, 60
000718, 03, 09, 16, 17, 20, 21, 25, 26, 34, 36, 38, 40, 41, 43, 44, 45, 48, 50, 51, 57
000719, 01, 02, 03, 05, 09, 10, 11, 21, 23, 30, 34, 39, 41, 43, 45, 56, 57, 58, 59, 60
000720, 03, 11, 17, 22, 26, 27, 28, 29, 32, 33, 34, 35, 36, 45, 46, 50, 51, 53, 54, 60
000721, 04, 05, 10, 12, 14, 17, 23, 28, 29, 32, 33, 35, 36, 38, 39, 48, 49, 53, 54, 60
000722, 02, 03, 07, 12, 14, 17, 18, 19, 20, 24, 28, 31, 36, 37, 38, 40, 41, 44, 46, 57
000723, 04, 05, 07, 09, 13, 14, 19, 20, 22, 32, 35, 39, 43, 44, 45, 47, 49, 55, 59, 60
000724, 01, 06, 07, 15, 17, 18, 19, 26, 28, 35, 36, 38, 39, 46, 49, 50, 55, 56, 58, 60
000725, 02, 07, 16, 17, 19, 22, 30, 31, 32, 35, 37, 40, 41, 43, 44, 49, 54, 56, 59, 60
000726, 02, 03, 05, 07, 08, 13, 15, 23, 26, 29, 32, 40, 43, 46, 49, 50, 51, 54, 57, 60
000727, 03, 12, 18, 20, 24, 27, 29, 37, 38, 40, 44, 45, 52, 53, 54, 55, 56, 57, 58, 60
000728, 01, 06, 09, 13, 17, 20, 21, 22, 23, 24, 27, 33, 36, 37, 40, 47, 55, 56, 57, 58
000729, 01, 04, 05, 09, 11, 12, 14, 22, 25, 26, 30, 34, 36, 40, 43, 46, 50, 56, 58, 59
000730, 12, 20, 21, 24, 26, 28, 30, 31, 34, 35, 36, 37, 38, 39, 42, 44, 45, 54, 55, 58
000731, 05, 10, 14, 16, 17, 19, 20, 21, 25, 27, 32, 34, 38, 40, 43, 46, 50, 54, 56, 57
000732, 02, 03, 06, 09, 10, 11, 12, 14, 20, 21, 22, 26, 28, 29, 33, 40, 41, 50, 51, 57
000733, 01, 04, 05, 08, 15, 17, 18, 19, 20, 25, 30, 35, 36, 37, 43, 45, 49, 51, 55, 56
000734, 01, 02, 06, 07, 12, 13, 15, 16, 17, 22, 24, 32, 34, 36, 40, 44, 46, 47, 51, 60
000735, 06, 09, 10, 12, 13, 17, 18, 19, 20, 22, 23, 24, 28, 32, 33, 35, 37, 38, 50, 52
000736, 03, 04, 08, 10, 11, 12, 18, 21, 25, 30, 34, 36, 38, 39, 40, 42, 45, 46, 52, 53
000737, 09, 10, 11, 14, 17, 19, 20, 25, 28, 29, 30, 32, 34, 39, 42, 43, 44, 49, 55, 59
000738, 03, 04, 11, 13, 14, 15, 17, 22, 26, 29, 30, 31, 34, 39, 40, 41, 46, 51, 57, 58
000739, 01, 08, 13, 14, 21, 22, 29, 30, 31, 38, 39, 41, 44, 45, 48, 50, 51, 53, 57, 58
000740, 03, 08, 10, 11, 14, 17, 19, 23, 27, 28, 33, 37, 38, 41, 42, 47, 49, 54, 59, 60
000741, 04, 08, 10, 11, 15, 17, 21, 24, 25, 26, 29, 32, 37, 39, 44, 47, 48, 51, 54, 58
000742, 05, 06, 07, 11, 12, 13, 14, 15, 18, 21, 22, 25, 30, 31, 32, 39, 43, 49, 53, 60
000743, 05, 08, 10, 23, 27, 29, 30, 31, 32, 34, 36, 38, 39, 40, 42, 44, 46, 52, 56, 57
000744, 02, 05, 06, 10, 11, 12, 14, 17, 20, 33, 36, 37, 38, 39, 42, 43, 47, 48, 50, 56
000745, 01, 03, 05, 06, 10, 12, 15, 19, 20, 21, 23, 31, 39, 40, 45, 47, 50, 51, 54, 58
000746, 03, 10, 11, 14, 15, 17, 18, 27, 28, 29, 32, 33, 35, 42, 45, 46, 47, 52, 59, 60
000747, 05, 06, 07, 09, 13, 14, 17, 21, 23, 29, 32, 35, 36, 40, 47, 50, 51, 56, 57, 58
000748, 04, 06, 10, 11, 16, 17, 23, 28, 29, 31, 39, 42, 44, 47, 48, 49, 50, 53, 57, 60
000749, 03, 08, 11, 17, 20, 23, 24, 25, 26, 31, 34, 35, 38, 39, 42, 47, 50, 51, 57, 60
000750, 01, 10, 11, 16, 23, 28, 30, 33, 38, 39, 40, 47, 49, 50, 52, 53, 54, 55, 57, 60
000751, 01, 02, 03, 04, 13, 15, 21, 23, 24, 26, 27, 29, 30, 36, 37, 45, 47, 49, 51, 58
000752, 03, 05, 09, 10, 12, 15, 16, 19, 23, 31, 36, 38, 41, 45, 48, 51, 52, 54, 55, 58
000753, 01, 03, 06, 11, 12, 13, 16, 18, 23, 26, 28, 31, 32, 38, 43, 46, 47, 49, 55, 58
000754, 01, 07, 08, 13, 16, 17, 21, 28, 32, 35, 38, 41, 42, 46, 47, 48, 54, 55, 56, 58
000755, 03, 04, 06, 10, 12, 15, 19, 21, 23, 24, 29, 31, 33, 37, 39, 40, 41, 42, 53, 56
000756, 02, 04, 06, 08, 12, 14, 16, 20, 27, 33, 34, 35, 36, 37, 38, 44, 45, 50, 56, 58
000757, 01, 02, 05, 07, 09, 17, 18, 24, 29, 31, 32, 35, 36, 40, 43, 47, 51, 52, 56, 58
000758, 01, 07, 14, 21, 22, 23, 29, 35, 40, 41, 42, 44, 48, 49, 50, 52, 56, 57, 58, 59
000759, 03, 04, 06, 09, 13, 15, 16, 19, 23, 26, 29, 32, 33, 37, 42, 43, 45, 47, 53, 54
000760, 01, 03, 04, 07, 08, 11, 12, 14, 16, 20, 22, 23, 25, 26, 29, 30, 38, 45, 48, 53
000761, 01, 04, 08, 14, 15, 16, 17, 20, 21, 22, 24, 30, 34, 35, 36, 41, 43, 45, 52, 53
000762, 02, 08, 10, 21, 23, 24, 25, 31, 33, 35, 38, 40, 41, 42, 43, 47, 48, 50, 52, 54
000763, 03, 04, 05, 06, 07, 10, 13, 17, 23, 35, 36, 38, 39, 44, 47, 49, 53, 54, 55, 60
000764, 03, 07, 08, 10, 14, 17, 18, 20, 23, 24, 29, 35, 38, 46, 48, 49, 53, 55, 59, 60
000765, 02, 03, 04, 07, 08, 10, 11, 15, 20, 23, 25, 28, 29, 38, 39, 42, 45, 48, 50, 60
000766, 04, 08, 10, 11, 12, 13, 17, 25, 29, 30, 35, 39, 44, 45, 49, 52, 54, 55, 57, 59
000767, 03, 05, 07, 08, 10, 21, 25, 26, 29, 31, 34, 45, 47, 48, 49, 51, 53, 55, 56, 60
000768, 02, 05, 11, 15, 21, 24, 26, 28, 30, 32, 33, 34, 35, 36, 39, 47, 54, 55, 56, 57
000769, 02, 07, 11, 12, 17, 24, 28, 31, 33, 34, 35, 36, 41, 45, 47, 48, 49, 51, 58, 60
000770, 01, 04, 07, 12, 17, 23, 26, 30, 32, 33, 34, 37, 38, 48, 50, 51, 52, 56, 59, 60
000771, 03, 06, 09, 10, 17, 19, 20, 21, 22, 26, 38, 46, 49, 50, 51, 52, 53, 54, 56, 60
000772, 03, 04, 05, 11, 13, 14, 16, 25, 26, 33, 36, 39, 42, 43, 44, 45, 46, 49, 55, 56
000773, 01, 02, 06, 10, 13, 14, 15, 20, 23, 31, 32, 33, 36, 38, 43, 48, 49, 55, 56, 57
000774, 02, 04, 05, 17, 18, 19, 20, 21, 23, 25, 28, 30, 34, 37, 40, 41, 45, 47, 54, 56
000775, 12, 14, 15, 16, 17, 21, 22, 24, 25, 29, 34, 36, 37, 40, 44, 52, 56, 58, 59, 60
000776, 10, 11, 15, 16, 17, 18, 19, 21, 25, 26, 27, 29, 30, 39, 42, 44, 46, 48, 50, 56
000777, 02, 06, 11, 15, 16, 19, 22, 23, 28, 31, 38, 46, 48, 50, 51, 53, 54, 56, 57, 60
000778, 01, 04, 05, 06, 10, 14, 17, 18, 22, 31, 36, 37, 40, 41, 47, 48, 49, 50, 57, 58
000779, 01, 03, 06, 08, 11, 15, 19, 21, 28, 30, 31, 34, 37, 39, 40, 44, 46, 47, 52, 57
000780, 01, 08, 09, 10, 13, 15, 19, 21, 23, 28, 33, 34, 35, 39, 43, 44, 45, 46, 55, 59
000781, 02, 05, 07, 15, 17, 22, 23, 30, 32, 34, 35, 37, 41, 42, 46, 47, 49, 51, 53, 58
000782, 01, 02, 07, 09, 20, 21, 27, 32, 33, 34, 35, 36, 37, 38, 39, 41, 43, 45, 55, 60
000783, 02, 04, 05, 10, 12, 14, 17, 20, 25, 27, 28, 30, 36, 38, 44, 47, 48, 49, 57, 58
000784, 08, 09, 11, 19, 22, 23, 24, 25, 28, 29, 31, 33, 35, 39, 45, 47, 50, 54, 57, 59
000785, 07, 11, 16, 18, 20, 21, 22, 23, 24, 26, 27, 30, 33, 37, 40, 41, 49, 58, 59, 60
000786, 02, 06, 07, 08, 11, 15, 16, 22, 27, 32, 40, 42, 44, 45, 46, 49, 51, 52, 56, 58
000787, 02, 05, 07, 11, 13, 15, 23, 28, 29, 30, 32, 33, 38, 39, 43, 47, 50, 52, 53, 58
000788, 02, 03, 05, 06, 07, 08, 17, 20, 28, 29, 30, 31, 33, 37, 38, 39, 40, 41, 44, 48
000789, 02, 07, 08, 10, 13, 19, 21, 23, 27, 28, 32, 33, 35, 37, 39, 46, 49, 53, 58, 59
000790, 02, 03, 06, 08, 10, 16, 20, 23, 25, 28, 29, 31, 38, 40, 41, 43, 44, 55, 58, 60
000791, 01, 04, 06, 11, 15, 20, 23, 26, 29, 32, 34, 39, 40, 42, 43, 50, 53, 55, 57, 59
000792, 02, 08, 09, 11, 16, 21, 22, 24, 26, 34, 35, 38, 39, 41, 42, 43, 45, 50, 53, 55
000793, 02, 05, 07, 08, 11, 13, 19, 27, 29, 30, 31, 37, 38, 40, 51, 52, 53, 57, 59, 60
000794, 06, 08, 10, 12, 15, 16, 18, 21, 26, 30, 31, 35, 37, 38, 44, 49, 53, 54, 55, 59
000795, 01, 05, 09, 14, 15, 17, 25, 26, 27, 30, 31, 35, 36, 37, 38, 41, 42, 48, 51, 55
000796, 05, 06, 16, 17, 19, 30, 31, 33, 35, 36, 41, 42, 43, 44, 45, 46, 47, 53, 54, 56
000797, 02, 03, 05, 07, 09, 15, 18, 21, 22, 24, 28, 30, 32, 36, 40, 45, 46, 54, 58, 60
000798, 01, 02, 09, 13, 15, 17, 19, 21, 22, 25, 26, 27, 29, 35, 36, 43, 46, 48, 51, 57
000799, 03, 05, 06, 10, 13, 15, 19, 20, 21, 23, 24, 31, 32, 33, 35, 40, 48, 50, 55, 60
000800, 03, 12, 13, 14, 22, 23, 27, 28, 29, 30, 31, 32, 34, 39, 41, 42, 44, 45, 46, 56
000801, 01, 02, 03, 04, 07, 08, 11, 20, 21, 24, 26, 35, 36, 37, 45, 46, 47, 49, 51, 59
000802, 01, 02, 04, 05, 06, 09, 12, 14, 18, 20, 24, 25, 34, 39, 48, 49, 50, 52, 55, 58
000803, 03, 08, 12, 17, 21, 22, 23, 26, 28, 31, 34, 36, 37, 42, 48, 50, 51, 54, 56, 58
000804, 01, 08, 11, 16, 20, 22, 23, 25, 28, 32, 33, 34, 36, 38, 44, 48, 51, 54, 56, 58
000805, 03, 07, 12, 15, 18, 20, 23, 25, 26, 28, 30, 32, 44, 45, 47, 48, 51, 55, 56, 60
000806, 01, 02, 10, 11, 15, 16, 22, 24, 26, 28, 31, 34, 35, 40, 41, 42, 44, 48, 49, 56
000807, 02, 03, 08, 09, 10, 12, 17, 20, 21, 22, 24, 28, 30, 31, 37, 39, 48, 51, 53, 60
000808, 05, 06, 07, 08, 15, 18, 22, 24, 25, 29, 32, 38, 41, 45, 49, 51, 52, 55, 56, 57
000809, 02, 05, 08, 13, 15, 20, 21, 27, 29, 30, 32, 36, 37, 43, 52, 54, 56, 57, 59, 60
000810, 02, 04, 08, 12, 14, 16, 19, 20, 24, 35, 36, 37, 41, 46, 49, 50, 51, 52, 53, 59
000811, 01, 04, 06, 17, 19, 20, 26, 29, 33, 40, 43, 44, 45, 46, 51, 52, 54, 56, 57, 58
000812, 04, 06, 09, 10, 12, 14, 15, 18, 23, 27, 28, 30, 31, 35, 40, 41, 44, 46, 47, 60
000813, 02, 05, 09, 12, 14, 15, 21, 22, 23, 24, 25, 29, 38, 40, 48, 51, 52, 54, 56, 58
000814, 01, 02, 04, 09, 17, 22, 23, 26, 27, 36, 38, 40, 43, 44, 45, 47, 49, 53, 55, 57
000815, 01, 03, 06, 09, 12, 17, 18, 23, 27, 28, 37, 38, 43, 46, 49, 51, 54, 56, 57, 59
000816, 11, 15, 21, 22, 27, 29, 32, 38, 41, 43, 44, 45, 48, 49, 50, 52, 53, 55, 56, 57
000817, 02, 07, 08, 10, 12, 18, 19, 25, 29, 30, 31, 33, 36, 37, 47, 48, 53, 56, 59, 60
000818, 05, 07, 08, 10, 14, 17, 21, 24, 31, 40, 41, 42, 43, 44, 46, 47, 49, 54, 57, 60
000819, 01, 02, 03, 07, 14, 15, 16, 17, 21, 24, 28, 30, 33, 39, 47, 48, 50, 57, 58, 60
000820, 04, 07, 09, 13, 15, 18, 19, 21, 23, 24, 25, 27, 31, 32, 36, 45, 49, 52, 57, 60
000821, 03, 04, 12, 14, 22, 23, 25, 26, 36, 37, 40, 44, 46, 48, 49, 53, 54, 58, 59, 60
000822, 04, 06, 07, 19, 21, 22, 23, 24, 25, 26, 31, 33, 34, 41, 42, 44, 45, 52, 54, 58
000823, 07, 08, 09, 14, 15, 16, 17, 22, 24, 27, 32, 35, 36, 41, 42, 44, 47, 51, 55, 58
000824, 03, 06, 07, 09, 13, 14, 24, 26, 28, 29, 32, 34, 36, 37, 39, 45, 47, 49, 53, 58
000825, 01, 02, 04, 05, 19, 28, 30, 31, 32, 34, 36, 43, 48, 51, 52, 53, 54, 55, 56, 58
000826, 07, 10, 13, 15, 17, 18, 23, 29, 30, 31, 33, 36, 40, 42, 44, 47, 48, 52, 55, 57
000827, 02, 03, 04, 07, 09, 14, 15, 16, 19, 23, 24, 29, 30, 33, 35, 39, 49, 52, 56, 58
000828, 02, 03, 05, 09, 15, 17, 18, 28, 34, 40, 41, 43, 46, 50, 53, 54, 56, 58, 59, 60
000829, 01, 03, 07, 09, 14, 16, 19, 20, 28, 29, 31, 32, 35, 40, 41, 42, 43, 48, 58, 60
000830, 05, 07, 11, 19, 20, 22, 24, 26, 29, 35, 39, 43, 48, 49, 50, 51, 52, 53, 55, 58
000831, 01, 02, 03, 08, 15, 19, 21, 24, 28, 31, 34, 37, 44, 46, 50, 52, 53, 55, 58, 59
000832, 02, 03, 04, 08, 11, 14, 15, 18, 19, 20, 22, 26, 29, 38, 40, 41, 46, 47, 56, 57
000833, 03, 05, 12, 15, 17, 18, 26, 28, 31, 32, 36, 37, 45, 46, 48, 50, 54, 55, 57, 59
000834, 04, 07, 10, 15, 19, 22, 26, 27, 36, 38, 40, 45, 46, 49, 50, 54, 57, 58, 59, 60
000835, 04, 09, 13, 14, 15, 17, 25, 26, 29, 31, 32, 33, 34, 38, 39, 40, 53, 54, 58, 59
000836, 05, 10, 12, 14, 15, 16, 19, 20, 22, 26, 34, 41, 42, 44, 45, 46, 49, 50, 55, 58
000837, 05, 11, 13, 16, 17, 21, 23, 25, 26, 29, 31, 34, 35, 38, 41, 45, 46, 52, 56, 57
000838, 02, 05, 07, 08, 13, 16, 26, 28, 30, 31, 41, 42, 43, 44, 46, 49, 51, 52, 56, 57
000839, 02, 04, 07, 08, 10, 13, 16, 18, 19, 23, 26, 29, 31, 43, 44, 45, 46, 53, 54, 58
000840, 01, 02, 06, 11, 14, 15, 16, 20, 27, 28, 35, 36, 37, 40, 41, 46, 47, 50, 52, 60
000841, 04, 09, 11, 15, 16, 19, 20, 21, 23, 30, 32, 34, 37, 42, 48, 49, 54, 55, 56, 59
000842, 02, 05, 06, 09, 18, 19, 23, 25, 27, 29, 31, 35, 36, 42, 43, 44, 45, 49, 51, 54
000843, 01, 04, 05, 09, 12, 13, 20, 21, 23, 24, 27, 28, 32, 33, 40, 45, 49, 52, 58, 60
000844, 01, 05, 07, 11, 14, 15, 16, 20, 21, 22, 27, 33, 37, 41, 43, 48, 49, 50, 51, 53
000845, 02, 07, 09, 11, 13, 15, 16, 17, 19, 20, 22, 28, 29, 30, 32, 40, 46, 49, 50, 56
000846, 01, 03, 06, 11, 13, 14, 16, 18, 20, 23, 24, 25, 30, 32, 33, 35, 42, 47, 52, 53
000847, 03, 07, 09, 12, 17, 18, 19, 28, 30, 32, 34, 36, 37, 40, 42, 43, 48, 52, 58, 59
000848, 01, 02, 03, 04, 05, 07, 18, 22, 29, 33, 35, 36, 38, 43, 45, 49, 50, 51, 53, 54
000849, 03, 09, 10, 12, 16, 18, 19, 20, 22, 24, 25, 27, 30, 40, 41, 44, 45, 46, 49, 51
000850, 07, 08, 09, 12, 17, 21, 23, 26, 28, 31, 33, 40, 42, 43, 44, 47, 49, 55, 57, 59
000851, 01, 02, 05, 06, 23, 27, 28, 30, 32, 33, 34, 41, 42, 45, 46, 49, 54, 57, 59, 60
000852, 01, 07, 10, 14, 15, 18, 19, 20, 23, 24, 30, 31, 32, 35, 36, 40, 44, 46, 50, 54
000853, 02, 06, 09, 14, 23, 24, 25, 27, 31, 37, 44, 45, 46, 49, 50, 51, 53, 55, 58, 59
000854, 01, 08, 09, 10, 11, 12, 14, 15, 16, 27, 32, 33, 34, 35, 36, 37, 39, 40, 45, 57
000855, 05, 07, 09, 13, 19, 20, 21, 22, 28, 31, 34, 35, 39, 41, 42, 43, 46, 48, 54, 58
000856, 04, 06, 08, 10, 12, 14, 15, 16, 17, 18, 19, 22, 32, 34, 41, 47, 53, 55, 57, 58
000857, 02, 04, 06, 09, 10, 14, 15, 17, 18, 20, 24, 26, 29, 32, 38, 44, 50, 51, 53, 56
000858, 01, 06, 10, 13, 16, 21, 26, 27, 30, 32, 38, 42, 43, 45, 48, 53, 55, 56, 59, 60
000859, 03, 05, 06, 09, 13, 16, 18, 19, 22, 24, 34, 36, 40, 41, 43, 46, 48, 49, 58, 60
000860, 01, 03, 10, 11, 12, 16, 18, 27, 30, 31, 33, 36, 38, 41, 42, 44, 52, 53, 55, 58
000861, 01, 02, 08, 09, 13, 17, 18, 25, 26, 29, 32, 36, 37, 41, 42, 46, 47, 48, 49, 52
000862, 02, 04, 05, 06, 09, 13, 24, 28, 31, 36, 37, 38, 39, 43, 44, 47, 50, 56, 58, 59
000863, 01, 02, 03, 05, 07, 08, 09, 10, 15, 22, 24, 25, 35, 41, 44, 49, 52, 55, 59, 60
000864, 03, 05, 08, 11, 12, 14, 20, 24, 25, 26, 27, 30, 32, 38, 39, 43, 49, 55, 56, 58
000865, 02, 04, 05, 11, 17, 19, 22, 24, 26, 28, 29, 35, 36, 38, 43, 44, 46, 47, 58, 59
000866, 01, 02, 09, 15, 17, 28, 32, 33, 34, 35, 36, 39, 43, 45, 47, 49, 53, 56, 57, 60
000867, 03, 05, 09, 11, 17, 18, 20, 22, 24, 27, 32, 38, 39, 41, 44, 49, 51, 52, 56, 60
000868, 01, 05, 09, 12, 23, 25, 26, 32, 33, 37, 38, 40, 44, 45, 50, 51, 52, 56, 57, 60
000869, 02, 10, 12, 13, 17, 20, 21, 22, 23, 28, 37, 38, 40, 44, 45, 51, 53, 54, 55, 60
000870, 01, 05, 06, 08, 10, 14, 15, 17, 22, 24, 35, 38, 40, 42, 43, 48, 56, 57, 58, 60
000871, 01, 02, 05, 07, 09, 11, 13, 16, 18, 23, 24, 25, 26, 30, 31, 33, 40, 45, 54, 60
000872, 02, 11, 12, 14, 16, 17, 19, 23, 24, 25, 31, 34, 38, 42, 45, 48, 50, 55, 58, 59
000873, 01, 06, 12, 22, 25, 26, 27, 28, 30, 31, 34, 36, 41, 42, 47, 48, 50, 51, 52, 53
000874, 03, 04, 05, 06, 09, 10, 12, 15, 16, 19, 20, 24, 28, 29, 33, 37, 46, 49, 51, 54
000875, 01, 02, 07, 08, 09, 10, 14, 18, 25, 26, 29, 33, 37, 41, 42, 46, 55, 57, 58, 59
000876, 02, 03, 10, 12, 16, 17, 22, 23, 24, 25, 30, 31, 33, 35, 36, 37, 41, 42, 52, 60
000877, 08, 09, 10, 12, 15, 18, 19, 22, 23, 25, 28, 29, 31, 35, 40, 43, 46, 49, 54, 55
000878, 04, 05, 06, 12, 14, 17, 18, 20, 24, 25, 26, 34, 35, 38, 40, 44, 45, 49, 52, 53
000879, 01, 14, 15, 19, 23, 26, 28, 30, 31, 37, 38, 39, 45, 46, 47, 48, 52, 53, 58, 59
000880, 06, 12, 17, 20, 22, 23, 24, 27, 31, 32, 34, 42, 44, 45, 47, 50, 56, 58, 59, 60
000881, 03, 05, 06, 09, 12, 13, 15, 22, 27, 33, 34, 39, 43, 44, 48, 49, 52, 55, 58, 59
000882, 07, 08, 09, 21, 22, 25, 26, 27, 28, 29, 31, 36, 38, 39, 41, 46, 48, 52, 55, 59
000883, 02, 08, 11, 13, 14, 15, 16, 21, 25, 34, 36, 37, 38, 45, 48, 54, 55, 57, 58, 60
000884, 01, 03, 04, 09, 10, 13, 21, 22, 23, 24, 34, 35, 39, 44, 47, 48, 49, 50, 54, 60
000885, 02, 03, 06, 07, 09, 11, 12, 16, 18, 25, 27, 35, 39, 42, 45, 51, 52, 53, 56, 57
000886, 02, 04, 08, 10, 14, 17, 18, 21, 22, 24, 29, 32, 33, 41, 44, 45, 50, 57, 58, 59
000887, 01, 06, 08, 10, 13, 20, 21, 26, 27, 28, 29, 35, 38, 41, 46, 50, 54, 56, 57, 59
000888, 01, 03, 09, 13, 15, 17, 22, 27, 33, 34, 35, 37, 39, 47, 49, 51, 54, 56, 57, 58
000889, 01, 07, 11, 13, 14, 15, 17, 19, 21, 22, 26, 28, 34, 37, 41, 46, 50, 54, 56, 57
000890, 04, 05, 13, 14, 15, 17, 18, 20, 24, 26, 31, 32, 33, 37, 38, 40, 42, 44, 47, 54
000891, 03, 05, 07, 12, 20, 25, 29, 30, 32, 33, 34, 40, 43, 44, 45, 47, 54, 56, 58, 60
000892, 02, 03, 04, 07, 09, 11, 12, 15, 21, 26, 29, 33, 35, 37, 46, 50, 52, 53, 55, 58
000893, 01, 07, 14, 18, 21, 23, 24, 25, 31, 34, 36, 38, 39, 40, 41, 43, 44, 47, 51, 60
000894, 04, 06, 07, 09, 14, 15, 16, 21, 25, 27, 34, 36, 38, 39, 48, 49, 50, 53, 55, 56
000895, 06, 08, 11, 12, 15, 16, 19, 20, 27, 29, 32, 40, 41, 42, 47, 49, 50, 51, 52, 58
000896, 01, 08, 19, 20, 22, 25, 26, 28, 29, 30, 32, 36, 37, 40, 47, 49, 50, 51, 54, 58
000897, 01, 07, 10, 11, 13, 14, 17, 19, 20, 24, 26, 29, 31, 33, 43, 46, 49, 50, 53, 60
000898, 01, 03, 06, 07, 11, 14, 15, 17, 18, 25, 28, 32, 37, 43, 46, 52, 56, 57, 58, 59
000899, 02, 04, 05, 06, 07, 08, 14, 15, 16, 19, 24, 31, 32, 34, 35, 36, 48, 52, 53, 56
000900, 04, 05, 06, 10, 14, 16, 17, 20, 22, 24, 25, 32, 34, 35, 42, 45, 46, 54, 55, 56
000901, 05, 10, 11, 12, 15, 16, 17, 20, 21, 22, 23, 26, 32, 36, 42, 51, 53, 55, 56, 60
000902, 02, 03, 04, 05, 10, 20, 22, 26, 28, 39, 40, 41, 44, 45, 48, 49, 50, 53, 55, 57
000903, 01, 06, 15, 17, 21, 22, 25, 32, 33, 34, 36, 37, 38, 39, 42, 44, 46, 48, 50, 53
000904, 06, 07, 08, 12, 13, 14, 16, 18, 22, 32, 34, 38, 40, 41, 42, 44, 45, 48, 52, 54
000905, 04, 07, 15, 16, 19, 24, 25, 26, 27, 36, 37, 38, 39, 41, 43, 46, 48, 50, 58, 60
000906, 03, 08, 11, 17, 19, 20, 21, 22, 24, 28, 33, 35, 36, 40, 51, 53, 56, 58, 59, 60
000907, 01, 02, 07, 08, 09, 10, 14, 15, 20, 26, 28, 29, 32, 35, 40, 43, 44, 47, 54, 57
000908, 04, 05, 06, 07, 09, 10, 12, 20, 23, 24, 27, 28, 33, 37, 39, 50, 51, 52, 58, 60
000909, 05, 08, 12, 17, 18, 23, 25, 27, 29, 30, 31, 32, 36, 37, 48, 51, 52, 53, 54, 55
000910, 06, 11, 12, 14, 15, 19, 24, 27, 33, 34, 35, 38, 49, 51, 53, 54, 55, 56, 57, 58
000911, 01, 09, 11, 14, 16, 20, 21, 24, 25, 27, 28, 30, 31, 32, 36, 38, 42, 47, 52, 59
000912, 01, 06, 10, 12, 13, 14, 15, 19, 26, 29, 33, 35, 38, 39, 41, 47, 50, 51, 55, 59
000913, 02, 04, 06, 09, 11, 12, 13, 19, 25, 27, 34, 35, 37, 38, 43, 44, 47, 50, 52, 56
000914, 02, 04, 05, 10, 11, 16, 29, 31, 32, 33, 34, 38, 40, 42, 43, 50, 51, 53, 54, 55
000915, 03, 05, 06, 10, 11, 12, 13, 20, 25, 26, 31, 32, 34, 39, 41, 43, 49, 53, 54, 57
000916, 01, 09, 13, 14, 19, 23, 25, 26, 27, 30, 35, 40, 41, 46, 50, 51, 53, 54, 57, 60
000917, 04, 05, 06, 08, 11, 13, 15, 16, 17, 20, 23, 25, 28, 41, 44, 47, 52, 55, 56, 57
000918, 01, 03, 07, 09, 11, 15, 16, 20, 21, 30, 31, 38, 39, 41, 43, 45, 47, 48, 50, 56
000919, 02, 03, 10, 11, 13, 14, 17, 24, 28, 29, 34, 38, 39, 42, 43, 44, 46, 55, 57, 59
000920, 02, 03, 04, 10, 13, 14, 15, 19, 20, 22, 26, 28, 29, 36, 37, 38, 40, 45, 52, 60
000921, 03, 11, 15, 16, 18, 21, 22, 25, 27, 32, 35, 37, 42, 45, 46, 47, 48, 50, 52, 58
000922, 03, 05, 14, 16, 17, 18, 19, 20, 22, 29, 31, 33, 34, 37, 44, 49, 51, 57, 58, 59
000923, 06, 14, 15, 16, 24, 25, 28, 29, 31, 32, 43, 47, 48, 50, 51, 52, 53, 57, 58, 59
000924, 01, 02, 03, 06, 10, 11, 13, 14, 15, 16, 22, 26, 41, 42, 44, 49, 51, 53, 57, 60
000925, 01, 04, 07, 09, 10, 14, 15, 20, 21, 22, 24, 36, 37, 38, 41, 47, 50, 52, 58, 60
000926, 01, 08, 13, 18, 19, 20, 24, 26, 27, 30, 32, 33, 39, 40, 44, 47, 49, 55, 59, 60
000927, 01, 02, 06, 10, 11, 13, 16, 18, 22, 30, 35, 37, 43, 44, 47, 52, 53, 55, 58, 59
000928, 06, 10, 13, 14, 16, 17, 21, 23, 27, 31, 35, 37, 39, 45, 50, 51, 54, 56, 58, 59
000929, 02, 04, 05, 06, 10, 15, 16, 19, 22, 23, 29, 31, 39, 45, 47, 48, 49, 53, 58, 59
000930, 02, 03, 04, 12, 15, 16, 17, 18, 23, 28, 33, 35, 36, 39, 43, 44, 47, 48, 49, 56
000931, 02, 03, 07, 08, 10, 11, 12, 20, 24, 28, 29, 31, 34, 38, 39, 42, 47, 48, 58, 59
000932, 02, 05, 10, 14, 17, 19, 20, 23, 27, 35, 38, 40, 41, 43, 44, 45, 47, 49, 51, 54
000933, 04, 05, 07, 11, 14, 15, 19, 22, 23, 24, 26, 29, 33, 42, 43, 45, 46, 53, 54, 60
000934, 02, 07, 08, 09, 10, 18, 21, 25, 29, 31, 36, 38, 40, 42, 47, 49, 50, 52, 58, 60
000935, 03, 12, 15, 20, 21, 25, 26, 31, 37, 38, 43, 44, 45, 46, 47, 48, 56, 57, 58, 60
000936, 04, 08, 14, 16, 17, 23, 24, 27, 28, 29, 31, 33, 34, 36, 41, 45, 51, 53, 55, 57
000937, 01, 06, 07, 11, 12, 13, 14, 15, 18, 22, 25, 26, 37, 41, 42, 48, 49, 52, 53, 57
000938, 03, 05, 09, 10, 13, 14, 16, 17, 23, 24, 33, 37, 38, 39, 42, 43, 44, 47, 55, 57
000939, 01, 05, 11, 12, 14, 18, 19, 21, 24, 30, 33, 34, 37, 41, 47, 51, 53, 54, 57, 59
000940, 03, 05, 06, 08, 17, 20, 22, 27, 30, 34, 37, 38, 41, 45, 47, 50, 53, 56, 58, 59
000941, 09, 10, 15, 16, 17, 20, 24, 25, 28, 29, 30, 33, 35, 38, 43, 45, 51, 53, 54, 55
000942, 04, 05, 08, 11, 12, 15, 18, 20, 21, 22, 32, 33, 44, 46, 49, 51, 53, 55, 56, 59
000943, 04, 07, 09, 11, 12, 14, 16, 17, 21, 22, 23, 33, 37, 39, 43, 45, 46, 50, 51, 57
000944, 03, 09, 12, 16, 21, 27, 28, 29, 30, 36, 44, 45, 46, 47, 48, 49, 50, 55, 57, 58
000945, 01, 04, 06, 12, 15, 18, 20, 24, 29, 30, 31, 32, 34, 37, 40, 42, 48, 52, 56, 59
000946, 06, 11, 13, 19, 20, 23, 25, 28, 29, 30, 32, 35, 39, 43, 44, 47, 48, 52, 55, 58
000947, 01, 03, 09, 10, 15, 16, 18, 20, 23, 32, 36, 41, 44, 46, 47, 50, 51, 52, 59, 60
000948, 01, 07, 08, 11, 12, 20, 21, 41, 44, 46, 47, 48, 49, 50, 51, 52, 53, 56, 58, 60
000949, 03, 06, 07, 12, 16, 19, 20, 22, 26, 30, 37, 39, 41, 42, 44, 50, 51, 54, 56, 58
000950, 07, 08, 09, 11, 18, 20, 27, 32, 34, 35, 36, 43, 44, 46, 47, 49, 51, 57, 59, 60
000951, 02, 03, 04, 07, 11, 14, 18, 19, 22, 32, 33, 36, 37, 40, 43, 44, 45, 48, 52, 56
000952, 02, 04, 06, 08, 09, 10, 12, 13, 16, 19, 23, 26, 30, 34, 35, 39, 46, 53, 54, 55
000953, 01, 04, 05, 11, 12, 13, 19, 21, 22, 23, 39, 43, 44, 47, 50, 52, 53, 55, 56, 60
000954, 02, 06, 08, 10, 13, 16, 17, 18, 21, 32, 33, 36, 42, 43, 45, 46, 49, 53, 57, 58
000955, 03, 05, 06, 19, 29, 31, 32, 35, 37, 38, 40, 41, 43, 47, 48, 49, 50, 56, 57, 58
000956, 03, 07, 08, 09, 10, 12, 15, 19, 22, 28, 30, 32, 38, 39, 44, 48, 50, 53, 54, 55
000957, 01, 05, 16, 22, 23, 24, 25, 26, 30, 32, 38, 39, 41, 43, 47, 49, 52, 54, 56, 57
000958, 01, 02, 03, 07, 09, 11, 19, 20, 30, 33, 35, 36, 38, 39, 43, 48, 49, 51, 57, 60
000959, 01, 08, 11, 13, 16, 19, 20, 23, 24, 27, 31, 35, 37, 38, 39, 42, 52, 55, 57, 58
000960, 04, 05, 08, 09, 10, 13, 18, 20, 24, 31, 33, 38, 39, 42, 43, 44, 50, 52, 54, 57
000961, 02, 04, 05, 07, 09, 12, 13, 18, 24, 27, 34, 35, 36, 38, 43, 46, 47, 49, 51, 60
000962, 04, 08, 11, 13, 18, 19, 23, 31, 32, 36, 38, 43, 44, 45, 48, 52, 53, 56, 57, 60
000963, 01, 02, 05, 06, 07, 13, 15, 23, 25, 26, 30, 32, 34, 39, 41, 47, 51, 54, 58, 60
000964, 01, 11, 15, 17, 19, 20, 21, 24, 29, 33, 34, 37, 39, 42, 44, 45, 47, 53, 54, 55
000965, 02, 03, 04, 16, 19, 20, 22, 23, 31, 33, 36, 38, 40, 43, 44, 48, 49, 52, 55, 58
000966, 01, 03, 08, 12, 14, 15, 18, 30, 33, 35, 38, 41, 44, 45, 46, 47, 48, 55, 56, 57
000967, 01, 03, 06, 12, 15, 19, 23, 24, 25, 32, 33, 36, 38, 40, 46, 52, 55, 58, 59, 60
000968, 03, 05, 06, 10, 11, 17, 21, 23, 29, 32, 33, 34, 36, 37, 43, 44, 48, 51, 57, 60
000969, 05, 09, 16, 18, 20, 22, 23, 24, 25, 28, 30, 38, 42, 44, 48, 49, 51, 54, 55, 56
000970, 02, 06, 11, 12, 15, 16, 17, 23, 25, 29, 31, 33, 36, 38, 44, 45, 47, 49, 50, 51
000971, 01, 07, 15, 20, 22, 23, 27, 30, 33, 35, 36, 37, 39, 42, 46, 48, 49, 54, 56, 57
000972, 01, 02, 04, 07, 10, 12, 22, 23, 24, 25, 27, 32, 33, 38, 42, 46, 49, 50, 53, 54
000973, 04, 07, 20, 22, 23, 25, 29, 34, 35, 41, 43, 44, 46, 48, 51, 52, 54, 56, 59, 60
000974, 02, 07, 09, 11, 12, 13, 14, 16, 25, 26, 32, 38, 42, 44, 48, 50, 52, 53, 59, 60
000975, 02, 06, 08, 10, 11, 14, 17, 20, 21, 22, 26, 33, 34, 40, 41, 42, 45, 48, 50, 53
000976, 03, 08, 09, 16, 18, 19, 21, 25, 26, 27, 29, 34, 38, 40, 41, 42, 44, 46, 52, 57
000977, 04, 10, 11, 12, 17, 20, 21, 22, 26, 27, 29, 30, 31, 34, 36, 37, 40, 43, 46, 51
000978, 04, 07, 08, 11, 20, 21, 23, 24, 30, 33, 34, 38, 43, 44, 45, 47, 51, 52, 55, 58
000979, 08, 09, 11, 13, 15, 16, 20, 21, 25, 30, 31, 34, 37, 38, 39, 42, 43, 44, 51, 58
000980, 03, 09, 14, 15, 18, 21, 24, 28, 33, 37, 38, 40, 43, 50, 54, 55, 57, 58, 59, 60
000981, 01, 04, 06, 08, 11, 12, 16, 21, 25, 30, 35, 40, 41, 42, 46, 48, 51, 55, 56, 57
000982, 07, 11, 14, 15, 16, 17, 20, 22, 23, 24, 26, 30, 33, 35, 41, 46, 51, 52, 56, 57
000983, 02, 08, 09, 14, 15, 19, 21, 25, 29, 31, 32, 36, 38, 43, 44, 45, 49, 53, 54, 56
000984, 08, 10, 11, 15, 18, 19, 23, 24, 25, 27, 30, 36, 44, 46, 47, 50, 53, 54, 58, 59
000985, 01, 09, 11, 20, 21, 22, 23, 24, 25, 26, 33, 35, 39, 41, 50, 53, 54, 56, 57, 58
000986, 04, 05, 18, 19, 20, 21, 24, 26, 27, 28, 31, 37, 44, 46, 48, 49, 52, 54, 58, 60
000987, 04, 07, 08, 12, 17, 18, 24, 25, 31, 32, 33, 37, 38, 42, 48, 50, 52, 53, 57, 60
000988, 02, 07, 12, 14, 15, 16, 19, 20, 22, 24, 25, 39, 44, 45, 47, 49, 51, 54, 55, 57
000989, 04, 10, 15, 20, 24, 25, 26, 27, 31, 32, 33, 36, 39, 42, 45, 52, 54, 55, 56, 57
000990, 04, 07, 13, 15, 20, 21, 22, 24, 25, 26, 28, 30, 32, 39, 41, 48, 56, 57, 59, 60
000991, 05, 07, 08, 15, 16, 18, 22, 23, 28, 29, 34, 37, 40, 41, 44, 45, 46, 50, 51, 57
000992, 01, 05, 06, 07, 10, 13, 15, 18, 23, 24, 30, 32, 34, 35, 36, 42, 46, 51, 53, 60
000993, 03, 06, 08, 12, 15, 16, 22, 27, 29, 32, 36, 38, 43, 45, 49, 50, 51, 53, 56, 59
000994, 04, 09, 11, 12, 14, 16, 22, 25, 26, 28, 32, 35, 37, 40, 44, 46, 50, 51, 58, 59
000995, 01, 03, 05, 07, 09, 10, 17, 20, 23, 26, 27, 36, 37, 38, 44, 45, 46, 47, 48, 60
000996, 05, 12, 13, 17, 19, 23, 25, 26, 28, 34, 35, 36, 37, 38, 41, 44, 47, 50, 59, 60
000997, 01, 07, 08, 20, 21, 25, 26, 27, 28, 32, 33, 34, 35, 36, 47, 49, 51, 52, 54, 58
000998, 02, 03, 07, 16, 17, 18, 20, 21, 26, 31, 32, 35, 36, 44, 45, 50, 51, 55, 56, 58
000999, 02, 05, 07, 09, 10, 15, 17, 20, 25, 34, 38, 41, 42, 44, 49, 50, 51, 58, 59, 60