000001, 07, 10, 12, 13, 15, 17, 18, 19, 21, 27, 28, 32, 33, 45, 46, 47, 48, 50, 54, 58
000002, 04, 08, 09, 11, 18, 19, 20, 21, 25, 29, 30, 40, 41, 42, 46, 47, 48, 51, 52, 60
000003, 01, 03, 04, 06, 08, 12, 14, 17, 22, 23, 24, 25, 26, 30, 31, 36, 39, 41, 42, 51
000004, 02, 04, 08, 12, 13, 15, 20, 25, 28, 30, 36, 41, 42, 44, 48, 49, 51, 52, 54, 60
000005, 04, 07, 08, 09, 10, 13, 17, 18, 20, 21, 24, 30, 35, 37, 40, 43, 47, 50, 54, 58
000006, 01, 02, 04, 12, 15, 21, 22, 23, 24, 29, 31, 32, 36, 42, 46, 47, 49, 53, 54, 60
000007, 16, 18, 21, 24, 26, 27, 29, 31, 34, 35, 40, 41, 42, 43, 45, 46, 48, 49, 51, 56
000008, 01, 03, 07, 10, 11, 21, 23, 34, 36, 37, 38, 39, 42, 46, 50, 51, 54, 55, 58, 59
000009, 01, 06, 07, 08, 14, 16, 19, 20, 23, 29, 30, 31, 33, 35, 39, 40, 45, 55, 56, 59
000010, 08, 10, 13, 15, 16, 19, 24, 28, 31, 32, 35, 36, 38, 41, 44, 46, 49, 52, 56, 57
000011, 01, 04, 06, 07, 08, 15, 17, 19, 21, 22, 29, 31, 34, 39, 40, 42, 48, 49, 57, 60
000012, 05, 08, 13, 17, 18, 28, 29, 31, 35, 37, 39, 41, 42, 43, 45, 49, 53, 54, 58, 59
000013, 02, 04, 05, 06, 11, 16, 19, 21, 30, 33, 34, 37, 38, 43, 44, 51, 53, 57, 58, 59
000014, 02, 03, 06, 07, 10, 16, 20, 23, 24, 25, 27, 28, 31, 42, 44, 49, 50, 57, 59, 60
000015, 01, 02, 04, 12, 14, 15, 17, 23, 35, 36, 42, 44, 47, 48, 52, 54, 55, 56, 58, 60
000016, 01, 03, 05, 07, 11, 19, 20, 21, 24, 25, 26, 27, 28, 30, 31, 36, 39, 52, 53, 57
000017, 02, 04, 06, 08, 10, 20, 22, 24, 26, 27, 29, 31, 39, 42, 45, 51, 54, 55, 58, 59
000018, 02, 10, 11, 12, 13, 14, 17, 24, 25, 28, 29, 33, 38, 39, 41, 42, 45, 47, 56, 58
000019, 01, 04, 05, 11, 14, 15, 17, 24, 29, 32, 33, 34, 39, 40, 45, 48, 49, 51, 53, 54
000020, 03, 04, 09, 16, 17, 18, 19, 20, 22, 27, 33, 36, 38, 40, 41, 43, 50, 51, 53, 60
000021, 01, 02, 04, 05, 10, 11, 13, 18, 21, 22, 24, 25, 37, 39, 40, 45, 49, 58, 59, 60
000022, 01, 03, 06, 07, 13, 18, 20, 23, 24, 26, 35, 37, 38, 39, 42, 47, 48, 50, 53, 57
000023, 01, 10, 11, 15, 19, 24, 26, 27, 31, 32, 33, 35, 37, 43, 48, 52, 56, 58, 59, 60
000024, 04, 05, 08, 13, 17, 18, 21, 24, 27, 28, 29, 31, 33, 36, 41, 52, 54, 57, 58, 59
000025, 02, 03, 04, 11, 12, 13, 15, 16, 20, 21, 22, 25, 26, 27, 28, 30, 34, 50, 58, 59
000026, 01, 10, 13, 14, 17, 20, 21, 22, 27, 28, 35, 40, 44, 45, 47, 48, 50, 52, 54, 59
000027, 07, 08, 10, 11, 14, 15, 17, 23, 33, 35, 39, 40, 43, 44, 46, 51, 52, 55, 56, 60
000028, 02, 05, 15, 16, 22, 24, 25, 29, 32, 34, 37, 38, 39, 40, 46, 47, 50, 57, 58, 60
000029, 08, 09, 14, 17, 24, 25, 26, 37, 38, 42, 45, 46, 48, 50, 51, 53, 55, 56, 57, 60
000030, 05, 06, 08, 09, 14, 18, 21, 23, 27, 28, 30, 31, 34, 41, 44, 47, 52, 53, 55, 60
000031, 02, 09, 11, 17, 23, 28, 31, 32, 33, 34, 36, 37, 38, 40, 41, 42, 53, 54, 58, 60
000032, 01, 02, 06, 07, 10, 11, 14, 17, 21, 24, 25, 27, 31, 36, 37, 48, 51, 54, 55, 59
000033, 03, 06, 07, 09, 10, 12, 13, 20, 26, 30, 32, 35, 37, 38, 48, 50, 53, 57, 58, 59
000034, 01, 02, 03, 05, 12, 13, 15, 16, 18, 20, 23, 28, 35, 43, 50, 52, 54, 55, 56, 57
000035, 01, 04, 06, 07, 08, 12, 17, 18, 25, 26, 30, 31, 39, 41, 46, 48, 51, 55, 58, 60
000036, 01, 04, 05, 07, 08, 11, 13, 14, 16, 17, 18, 24, 25, 27, 28, 39, 43, 44, 45, 50
000037, 01, 06, 08, 10, 11, 13, 19, 22, 24, 26, 31, 37, 38, 40, 43, 44, 54, 57, 58, 59
000038, 07, 09, 11, 13, 19, 22, 24, 29, 33, 36, 37, 38, 41, 44, 46, 47, 52, 53, 54, 59
000039, 01, 03, 04, 05, 12, 15, 17, 22, 23, 28, 30, 31, 33, 34, 36, 39, 44, 50, 54, 58
000040, 01, 03, 04, 06, 13, 16, 18, 22, 24, 28, 37, 40, 43, 45, 47, 50, 52, 54, 57, 58
000041, 01, 02, 03, 04, 09, 12, 18, 28, 31, 34, 35, 37, 40, 44, 45, 46, 52, 54, 56, 57
000042, 01, 03, 06, 07, 10, 11, 14, 18, 19, 31, 33, 37, 38, 43, 45, 53, 54, 55, 57, 59
000043, 01, 05, 10, 15, 18, 19, 24, 25, 30, 33, 35, 37, 39, 45, 47, 51, 52, 54, 55, 60
000044, 03, 11, 12, 15, 19, 20, 23, 26, 30, 34, 37, 38, 39, 41, 43, 51, 54, 55, 56, 57
000045, 01, 02, 03, 06, 09, 10, 12, 13, 24, 29, 30, 33, 35, 36, 40, 42, 48, 50, 55, 56
000046, 01, 02, 04, 06, 09, 11, 16, 18, 22, 23, 25, 27, 30, 36, 38, 41, 43, 46, 54, 58
000047, 01, 03, 05, 09, 12, 21, 23, 29, 33, 34, 35, 44, 46, 49, 51, 52, 55, 56, 57, 58
000048, 06, 13, 14, 15, 16, 23, 27, 32, 34, 35, 38, 40, 46, 48, 49, 50, 51, 53, 59, 60
000049, 03, 09, 11, 12, 13, 15, 19, 22, 24, 25, 26, 30, 31, 32, 36, 38, 40, 55, 58, 60
000050, 01, 05, 07, 09, 14, 15, 18, 19, 21, 26, 27, 31, 32, 41, 43, 45, 47, 51, 57, 60
000051, 08, 09, 14, 23, 25, 26, 31, 32, 36, 40, 43, 47, 49, 51, 53, 54, 55, 56, 59, 60
000052, 02, 10, 12, 14, 15, 17, 21, 24, 28, 29, 31, 35, 37, 43, 46, 49, 55, 56, 59, 60
000053, 03, 07, 08, 10, 12, 16, 18, 20, 21, 22, 24, 25, 27, 34, 40, 45, 47, 50, 53, 55
000054, 03, 14, 16, 19, 22, 23, 24, 28, 39, 40, 41, 43, 50, 52, 53, 54, 55, 57, 59, 60
000055, 03, 05, 07, 09, 10, 12, 13, 14, 15, 16, 24, 26, 27, 29, 33, 36, 44, 47, 48, 55
000056, 05, 06, 07, 09, 13, 14, 18, 19, 25, 27, 28, 30, 33, 34, 35, 44, 45, 47, 48, 59
000057, 13, 15, 16, 23, 24, 25, 30, 31, 32, 33, 35, 36, 39, 41, 44, 46, 47, 50, 53, 57
000058, 04, 06, 07, 20, 24, 25, 26, 28, 30, 33, 34, 38, 40, 41, 43, 46, 48, 52, 58, 60
000059, 02, 13, 14, 15, 17, 25, 26, 29, 30, 31, 32, 36, 37, 42, 43, 53, 54, 56, 58, 59
000060, 03, 04, 09, 12, 15, 18, 20, 22, 24, 27, 28, 29, 33, 36, 42, 44, 50, 51, 58, 60
000061, 02, 03, 04, 11, 22, 23, 29, 31, 32, 33, 37, 39, 40, 41, 46, 56, 57, 58, 59, 60
000062, 04, 05, 06, 09, 10, 12, 19, 24, 26, 27, 29, 38, 40, 41, 42, 43, 44, 56, 57, 58
000063, 04, 05, 07, 10, 12, 13, 15, 16, 24, 26, 29, 34, 35, 37, 45, 49, 51, 55, 58, 59
000064, 02, 06, 07, 08, 12, 14, 16, 17, 19, 21, 23, 26, 30, 31, 37, 39, 49, 51, 52, 57
000065, 03, 05, 13, 15, 17, 19, 21, 24, 26, 31, 35, 37, 38, 40, 41, 46, 48, 51, 52, 59
000066, 01, 05, 06, 13, 17, 18, 21, 23, 24, 26, 33, 36, 38, 40, 41, 42, 43, 51, 53, 59
000067, 01, 03, 04, 05, 06, 09, 14, 16, 23, 24, 25, 28, 33, 34, 37, 39, 40, 52, 55, 57
000068, 01, 05, 07, 12, 15, 16, 19, 23, 25, 26, 27, 32, 36, 41, 46, 49, 50, 52, 53, 58
000069, 02, 05, 06, 09, 13, 15, 21, 23, 24, 25, 28, 31, 33, 34, 37, 41, 51, 52, 53, 57
000070, 01, 12, 13, 18, 19, 22, 25, 26, 27, 28, 29, 31, 32, 38, 43, 46, 47, 48, 57, 59
000071, 10, 12, 13, 14, 19, 25, 28, 31, 33, 36, 37, 38, 40, 41, 47, 48, 56, 57, 58, 59
000072, 06, 10, 14, 16, 23, 25, 27, 33, 35, 37, 39, 42, 45, 47, 48, 50, 51, 52, 53, 56
000073, 01, 07, 12, 17, 20, 24, 26, 27, 29, 30, 36, 37, 38, 45, 46, 47, 48, 52, 58, 60
000074, 02, 06, 07, 13, 19, 23, 24, 27, 33, 36, 38, 40, 41, 43, 45, 47, 52, 53, 56, 58
000075, 04, 08, 10, 11, 18, 19, 22, 28, 30, 31, 32, 34, 38, 39, 43, 46, 50, 53, 56, 58
000076, 01, 05, 07, 10, 16, 21, 25, 26, 30, 31, 32, 36, 37, 38, 39, 41, 44, 52, 57, 58
000077, 02, 08, 10, 12, 13, 19, 20, 23, 25, 26, 32, 33, 35, 45, 49, 52, 53, 57, 58, 59
000078, 03, 09, 11, 12, 14, 15, 19, 21, 29, 33, 35, 37, 38, 39, 42, 43, 44, 45, 54, 59
000079, 05, 08, 24, 27, 29, 30, 31, 34, 35, 39, 40, 42, 46, 48, 50, 53, 54, 55, 56, 57
000080, 02, 06, 08, 10, 14, 17, 20, 22, 23, 28, 33, 34, 36, 39, 42, 43, 47, 49, 58, 59
000081, 06, 12, 13, 15, 20, 26, 27, 30, 32, 35, 37, 38, 41, 43, 45, 48, 52, 53, 56, 58
000082, 06, 10, 11, 12, 15, 16, 19, 21, 23, 24, 25, 38, 41, 45, 47, 50, 51, 53, 54, 59
000083, 02, 03, 05, 14, 19, 20, 22, 25, 27, 30, 32, 36, 40, 44, 48, 51, 52, 56, 58, 60
000084, 02, 04, 06, 09, 10, 18, 20, 21, 27, 32, 33, 34, 35, 36, 39, 46, 49, 50, 54, 60
000085, 05, 12, 13, 16, 18, 20, 22, 26, 30, 31, 34, 38, 39, 40, 42, 44, 45, 50, 54, 59
000086, 04, 05, 08, 09, 10, 16, 17, 19, 24, 26, 27, 34, 37, 40, 44, 49, 51, 54, 56, 60
000087, 01, 03, 07, 09, 11, 12, 15, 17, 20, 24, 29, 33, 34, 35, 38, 40, 41, 45, 55, 56
000088, 01, 03, 05, 10, 11, 21, 22, 25, 27, 29, 31, 35, 39, 41, 45, 49, 52, 57, 59, 60
000089, 02, 04, 05, 07, 09, 10, 13, 16, 19, 21, 24, 26, 27, 38, 39, 40, 44, 46, 58, 60
000090, 01, 05, 08, 09, 11, 15, 18, 22, 25, 35, 38, 39, 45, 46, 49, 50, 52, 57, 58, 60
000091, 03, 05, 09, 10, 12, 15, 18, 24, 25, 30, 31, 35, 38, 40, 42, 45, 46, 50, 52, 53
000092, 04, 09, 15, 17, 18, 22, 23, 25, 27, 31, 34, 36, 42, 46, 47, 48, 52, 56, 57, 60
000093, 02, 03, 06, 08, 09, 11, 15, 16, 17, 19, 20, 21, 23, 25, 32, 38, 41, 54, 56, 59
000094, 01, 03, 05, 08, 13, 15, 18, 21, 23, 24, 25, 27, 32, 34, 36, 41, 42, 45, 49, 54
000095, 01, 04, 13, 14, 15, 17, 21, 23, 27, 30, 32, 33, 38, 40, 41, 46, 49, 54, 56, 58
000096, 01, 17, 19, 21, 30, 31, 33, 35, 36, 40, 42, 46, 48, 49, 50, 51, 54, 55, 56, 60
000097, 05, 08, 10, 11, 13, 16, 18, 24, 26, 27, 32, 33, 34, 36, 42, 45, 46, 49, 54, 60
000098, 07, 14, 18, 21, 24, 27, 32, 33, 35, 38, 39, 40, 42, 43, 44, 50, 54, 55, 56, 57
000099, 03, 13, 19, 21, 22, 23, 26, 31, 33, 34, 35, 39, 42, 44, 45, 46, 48, 56, 57, 59
000100, 01, 02, 04, 06, 13, 14, 15, 21, 25, 27, 36, 41, 44, 47, 48, 50, 53, 54, 55, 60
000101, 08, 10, 12, 14, 21, 24, 25, 26, 29, 35, 39, 43, 48, 49, 51, 52, 54, 57, 58, 60
000102, 01, 05, 06, 14, 21, 24, 26, 28, 31, 33, 34, 35, 37, 42, 43, 45, 49, 50, 55, 60
000103, 02, 03, 04, 08, 11, 12, 16, 19, 20, 28, 30, 31, 34, 35, 36, 44, 50, 54, 57, 59
000104, 02, 03, 08, 13, 17, 19, 21, 22, 23, 32, 33, 42, 43, 45, 46, 47, 50, 54, 58, 60
000105, 02, 03, 04, 10, 12, 15, 17, 19, 20, 28, 30, 38, 41, 42, 43, 50, 51, 54, 57, 60
000106, 01, 04, 07, 10, 11, 13, 14, 17, 19, 20, 26, 28, 29, 44, 45, 49, 50, 52, 57, 59
000107, 02, 03, 04, 10, 14, 16, 19, 24, 26, 28, 33, 37, 39, 40, 42, 46, 51, 52, 58, 60
000108, 03, 05, 11, 12, 15, 18, 21, 22, 23, 31, 33, 35, 45, 46, 50, 51, 52, 53, 54, 60
000109, 04, 06, 14, 16, 19, 20, 27, 30, 31, 33, 34, 37, 39, 46, 47, 48, 52, 56, 58, 59
000110, 03, 04, 05, 08, 09, 15, 21, 28, 33, 35, 36, 37, 41, 44, 50, 51, 56, 58, 59, 60
000111, 07, 08, 16, 18, 19, 24, 26, 27, 30, 31, 33, 37, 39, 40, 42, 44, 48, 51, 53, 54
000112, 02, 04, 05, 07, 09, 12, 13, 15, 19, 21, 22, 23, 28, 29, 41, 46, 49, 52, 53, 59
000113, 01, 02, 03, 04, 05, 08, 10, 15, 16, 17, 19, 29, 31, 37, 41, 42, 45, 53, 59, 60
000114, 02, 03, 06, 14, 18, 20, 21, 22, 25, 34, 35, 37, 38, 39, 42, 44, 45, 46, 53, 59
000115, 04, 07, 08, 09, 12, 16, 17, 18, 20, 28, 29, 32, 34, 35, 38, 44, 47, 53, 57, 59
000116, 01, 02, 10, 15, 20, 21, 22, 26, 35, 36, 38, 39, 40, 42, 43, 44, 45, 47, 48, 59
000117, 01, 04, 08, 10, 11, 12, 13, 19, 23, 25, 26, 31, 32, 33, 35, 39, 42, 47, 48, 54
000118, 01, 03, 04, 05, 07, 09, 12, 16, 17, 19, 22, 26, 27, 30, 35, 42, 45, 47, 50, 52
000119, 02, 03, 04, 06, 07, 13, 14, 18, 25, 27, 28, 31, 35, 37, 41, 42, 44, 47, 49, 59
000120, 02, 05, 08, 09, 16, 19, 20, 22, 25, 28, 30, 31, 33, 36, 43, 45, 51, 54, 56, 57
000121, 09, 10, 12, 13, 15, 16, 17, 20, 27, 28, 38, 40, 45, 46, 47, 48, 49, 54, 59, 60
000122, 01, 02, 04, 06, 09, 14, 15, 20, 21, 28, 37, 38, 41, 44, 46, 50, 54, 57, 58, 59
000123, 02, 03, 04, 05, 08, 11, 13, 14, 19, 21, 28, 36, 40, 44, 47, 49, 50, 51, 53, 58
000124, 04, 09, 10, 14, 15, 18, 20, 21, 22, 26, 29, 30, 31, 36, 49, 50, 51, 54, 56, 57
000125, 03, 05, 06, 07, 14, 16, 18, 22, 25, 26, 29, 30, 39, 41, 44, 47, 50, 51, 58, 60
000126, 04, 07, 08, 09, 10, 13, 20, 23, 33, 37, 39, 40, 42, 48, 49, 52, 53, 54, 57, 59
000127, 03, 05, 08, 19, 21, 22, 26, 27, 28, 35, 36, 37, 38, 42, 43, 44, 51, 56, 58, 59
000128, 06, 07, 09, 12, 13, 16, 17, 22, 27, 28, 30, 33, 36, 39, 43, 48, 49, 51, 52, 55
000129, 03, 05, 06, 08, 11, 15, 18, 19, 21, 27, 32, 34, 38, 43, 45, 47, 53, 55, 58, 60
000130, 02, 04, 05, 11, 16, 19, 21, 25, 26, 28, 30, 33, 43, 45, 46, 48, 50, 56, 57, 58
000131, 04, 06, 08, 11, 13, 15, 16, 17, 18, 20, 22, 24, 32, 33, 36, 37, 39, 43, 46, 58
000132, 03, 04, 05, 07, 12, 13, 21, 23, 24, 31, 32, 37, 40, 41, 43, 45, 49, 54, 57, 58
000133, 03, 05, 06, 10, 12, 13, 14, 18, 26, 27, 29, 31, 35, 45, 48, 49, 52, 53, 59, 60
000134, 01, 02, 06, 07, 14, 15, 20, 21, 23, 29, 31, 38, 39, 42, 45, 46, 51, 52, 54, 57
000135, 07, 08, 09, 10, 20, 24, 27, 30, 31, 32, 33, 34, 35, 37, 49, 51, 52, 53, 54, 56
000136, 05, 07, 08, 10, 12, 16, 20, 22, 23, 24, 32, 34, 35, 40, 42, 45, 46, 54, 56, 57
000137, 07, 09, 11, 13, 14, 18, 19, 23, 33, 35, 38, 42, 46, 47, 48, 52, 55, 58, 59, 60
000138, 06, 11, 16, 19, 22, 25, 27, 29, 31, 33, 34, 35, 38, 42, 43, 45, 46, 47, 54, 57
000139, 04, 05, 07, 11, 17, 18, 22, 26, 27, 28, 30, 36, 37, 38, 48, 49, 51, 52, 55, 58
000140, 02, 03, 07, 14, 16, 23, 24, 29, 31, 33, 35, 37, 40, 42, 44, 50, 52, 53, 57, 58
000141, 01, 03, 04, 17, 29, 34, 35, 36, 38, 41, 42, 46, 47, 49, 52, 53, 54, 58, 59, 60
000142, 09, 16, 20, 21, 24, 25, 26, 29, 31, 32, 33, 36, 37, 38, 39, 41, 43, 49, 51, 54
000143, 02, 06, 07, 08, 11, 12, 13, 22, 23, 24, 25, 27, 29, 30, 35, 37, 46, 48, 57, 60
000144, 01, 02, 13, 16, 17, 27, 29, 35, 40, 41, 42, 43, 44, 45, 46, 47, 49, 51, 53, 60
000145, 03, 06, 08, 13, 16, 19, 22, 24, 25, 31, 33, 39, 44, 45, 46, 48, 53, 56, 58, 59
000146, 02, 03, 06, 08, 13, 14, 16, 22, 29, 30, 31, 32, 35, 36, 39, 42, 45, 48, 57, 59
000147, 01, 02, 03, 04, 09, 16, 18, 23, 25, 29, 31, 34, 35, 38, 40, 42, 44, 45, 48, 57
000148, 04, 06, 07, 09, 10, 12, 13, 17, 19, 28, 29, 30, 32, 33, 34, 35, 39, 40, 47, 60
000149, 02, 07, 09, 10, 11, 16, 24, 26, 28, 33, 38, 41, 44, 45, 47, 49, 50, 54, 55, 59
000150, 04, 08, 09, 10, 16, 17, 19, 24, 28, 34, 35, 36, 38, 42, 49, 51, 52, 53, 54, 56
000151, 01, 06, 12, 16, 18, 20, 22, 33, 39, 40, 46, 47, 48, 50, 51, 52, 53, 55, 58, 60
000152, 03, 09, 10, 12, 15, 17, 22, 24, 25, 29, 36, 44, 45, 49, 51, 52, 53, 56, 57, 60
000153, 02, 04, 05, 08, 11, 14, 15, 20, 25, 27, 29, 32, 36, 38, 39, 44, 51, 54, 58, 60
000154, 03, 06, 09, 10, 11, 12, 14, 17, 18, 21, 23, 25, 27, 33, 35, 38, 53, 54, 55, 59
000155, 04, 10, 16, 18, 19, 21, 22, 23, 28, 32, 34, 38, 39, 44, 47, 53, 55, 56, 59, 60
000156, 02, 05, 10, 11, 12, 13, 15, 16, 18, 27, 30, 40, 41, 43, 47, 48, 52, 53, 54, 59
000157, 03, 04, 05, 07, 10, 12, 14, 15, 17, 18, 22, 23, 28, 32, 35, 43, 46, 49, 54, 60
000158, 01, 04, 05, 13, 19, 24, 31, 35, 36, 38, 40, 44, 46, 48, 49, 50, 54, 56, 58, 60
000159, 07, 08, 09, 12, 20, 24, 25, 27, 28, 30, 31, 32, 37, 40, 41, 43, 45, 50, 55, 57
000160, 01, 04, 13, 16, 23, 25, 26, 27, 28, 29, 30, 33, 37, 38, 45, 50, 53, 56, 58, 60
000161, 01, 04, 05, 08, 11, 22, 23, 30, 35, 40, 42, 43, 44, 45, 46, 53, 54, 58, 59, 60
000162, 05, 06, 08, 09, 12, 13, 16, 18, 25, 26, 30, 35, 36, 37, 38, 39, 41, 42, 47, 53
000163, 05, 06, 08, 09, 13, 21, 22, 23, 25, 26, 33, 36, 37, 38, 39, 44, 47, 48, 49, 55
000164, 01, 02, 04, 08, 10, 12, 14, 15, 17, 19, 27, 30, 35, 38, 41, 44, 47, 50, 53, 59
000165, 03, 04, 05, 07, 08, 09, 14, 25, 28, 30, 31, 33, 36, 38, 40, 43, 47, 51, 53, 54
000166, 01, 06, 07, 09, 11, 19, 21, 28, 29, 33, 34, 37, 43, 45, 46, 48, 49, 51, 56, 60
000167, 03, 05, 06, 09, 11, 13, 19, 21, 22, 29, 30, 31, 36, 39, 40, 44, 45, 47, 57, 59
000168, 08, 13, 14, 16, 18, 19, 31, 33, 34, 37, 43, 47, 50, 51, 54, 55, 56, 58, 59, 60
000169, 11, 13, 15, 18, 20, 21, 22, 28, 35, 36, 37, 40, 41, 46, 52, 53, 54, 58, 59, 60
000170, 03, 08, 09, 13, 15, 16, 27, 28, 30, 31, 33, 35, 41, 45, 48, 49, 50, 53, 55, 60
000171, 01, 04, 08, 09, 10, 12, 13, 15, 22, 23, 28, 32, 36, 37, 38, 39, 40, 46, 48, 50
000172, 01, 03, 05, 08, 09, 16, 20, 22, 24, 27, 30, 42, 43, 44, 47, 49, 52, 56, 57, 60
000173, 04, 05, 06, 11, 12, 14, 15, 19, 23, 24, 28, 31, 32, 33, 35, 36, 45, 46, 52, 59
000174, 01, 03, 05, 08, 10, 13, 14, 18, 21, 22, 24, 27, 30, 38, 41, 45, 49, 51, 56, 57
000175, 04, 05, 06, 07, 09, 13, 22, 28, 29, 30, 32, 33, 34, 35, 37, 44, 47, 49, 55, 60
000176, 01, 03, 04, 06, 14, 18, 19, 20, 23, 24, 25, 26, 27, 32, 38, 43, 50, 52, 56, 58
000177, 01, 02, 05, 08, 11, 12, 14, 15, 17, 21, 22, 27, 28, 34, 38, 39, 42, 50, 53, 56
000178, 01, 05, 09, 11, 14, 17, 18, 19, 20, 21, 22, 25, 28, 29, 30, 42, 48, 56, 58, 60
000179, 01, 02, 11, 12, 13, 14, 23, 26, 35, 36, 37, 39, 40, 42, 43, 45, 47, 55, 56, 57
000180, 02, 03, 04, 08, 12, 15, 19, 24, 25, 30, 37, 39, 43, 47, 48, 49, 51, 52, 59, 60
000181, 01, 06, 10, 13, 14, 18, 21, 26, 28, 29, 30, 32, 36, 38, 44, 45, 46, 47, 53, 54
000182, 03, 04, 09, 14, 15, 17, 24, 26, 28, 30, 31, 32, 33, 35, 37, 38, 41, 48, 53, 54
000183, 01, 03, 06, 09, 12, 19, 21, 24, 28, 29, 33, 35, 37, 38, 40, 43, 48, 49, 56, 57
000184, 01, 04, 06, 07, 10, 11, 13, 14, 15, 19, 21, 22, 27, 31, 42, 43, 55, 57, 58, 59
000185, 03, 12, 15, 18, 19, 21, 26, 30, 31, 34, 37, 43, 47, 48, 51, 52, 53, 54, 56, 60
000186, 07, 08, 11, 12, 13, 14, 17, 18, 19, 21, 22, 27, 39, 40, 43, 47, 52, 53, 57, 58
000187, 03, 05, 08, 09, 20, 32, 36, 37, 38, 41, 42, 49, 50, 52, 53, 54, 55, 57, 59, 60
000188, 05, 07, 09, 12, 14, 22, 25, 28, 29, 34, 36, 39, 41, 42, 43, 46, 48, 49, 50, 55
000189, 03, 04, 06, 07, 11, 12, 15, 17, 22, 24, 26, 28, 33, 38, 42, 47, 48, 50, 53, 60
000190, 07, 14, 17, 19, 23, 25, 28, 29, 31, 32, 33, 34, 35, 37, 38, 39, 43, 50, 56, 59
000191, 10, 13, 16, 17, 18, 19, 21, 24, 25, 27, 35, 39, 42, 44, 47, 48, 49, 57, 58, 59
000192, 01, 05, 08, 10, 11, 16, 17, 20, 23, 26, 28, 34, 36, 45, 51, 52, 53, 54, 56, 59
000193, 02, 03, 07, 08, 10, 12, 17, 18, 24, 25, 26, 33, 35, 36, 39, 41, 44, 49, 53, 58
000194, 05, 09, 11, 17, 20, 26, 29, 32, 33, 34, 40, 43, 44, 45, 46, 49, 51, 53, 58, 59
000195, 01, 02, 04, 06, 08, 09, 18, 19, 24, 25, 28, 30, 33, 39, 40, 44, 47, 51, 54, 59
000196, 01, 03, 04, 07, 09, 12, 15, 17, 19, 24, 29, 33, 38, 42, 45, 50, 52, 54, 55, 58
000197, 01, 05, 08, 14, 19, 20, 24, 25, 26, 27, 31, 35, 39, 43, 46, 50, 51, 53, 55, 60
000198, 06, 08, 10, 12, 13, 25, 26, 27, 30, 31, 32, 33, 34, 38, 40, 45, 47, 53, 55, 58
000199, 01, 05, 08, 09, 12, 15, 16, 26, 29, 30, 33, 39, 43, 46, 48, 51, 53, 54, 57, 58
000200, 03, 08, 09, 12, 22, 25, 26, 29, 30, 35, 39, 42, 43, 46, 48, 49, 52, 54, 55, 60
000201, 03, 08, 20, 22, 26, 27, 32, 34, 38, 39, 40, 41, 49, 51, 52, 55, 56, 58, 59, 60
000202, 02, 04, 05, 06, 07, 09, 11, 15, 19, 23, 24, 27, 29, 39, 41, 44, 50, 53, 57, 58
000203, 02, 05, 10, 11, 13, 16, 17, 19, 23, 27, 39, 44, 45, 46, 48, 50, 51, 55, 57, 59
000204, 03, 05, 06, 09, 10, 12, 16, 21, 24, 28, 31, 36, 40, 41, 42, 45, 47, 53, 55, 59
000205, 01, 03, 07, 10, 11, 13, 15, 18, 22, 25, 26, 31, 34, 36, 38, 41, 49, 50, 53, 58
000206, 01, 04, 07, 10, 12, 15, 16, 23, 26, 28, 29, 31, 32, 35, 36, 39, 41, 45, 49, 53
000207, 03, 04, 05, 07, 10, 11, 14, 17, 18, 21, 22, 30, 33, 42, 44, 47, 51, 55, 56, 58
000208, 02, 04, 05, 07, 09, 14, 16, 18, 20, 21, 22, 24, 26, 28, 35, 36, 44, 45, 57, 59
000209, 01, 05, 06, 09, 12, 15, 16, 19, 30, 34, 36, 40, 41, 42, 43, 45, 49, 50, 51, 54
000210, 01, 03, 07, 08, 11, 17, 18, 22, 24, 26, 29, 33, 35, 36, 38, 47, 48, 49, 52, 60
000211, 04, 07, 09, 10, 11, 12, 15, 18, 19, 22, 27, 30, 34, 38, 40, 44, 45, 46, 49, 55
000212, 01, 04, 05, 10, 18, 25, 26, 28, 29, 33, 36, 38, 42, 44, 53, 55, 56, 57, 58, 59
000213, 01, 02, 10, 13, 15, 18, 19, 20, 22, 35, 38, 41, 43, 44, 45, 50, 52, 56, 57, 60
000214, 02, 04, 08, 10, 11, 14, 19, 23, 24, 29, 30, 32, 33, 36, 49, 51, 54, 56, 57, 60
000215, 03, 05, 13, 21, 22, 28, 32, 33, 34, 39, 41, 44, 45, 47, 50, 51, 53, 54, 55, 58
000216, 04, 08, 09, 10, 16, 17, 19, 32, 34, 37, 38, 39, 40, 42, 50, 52, 53, 55, 57, 58
000217, 01, 05, 06, 07, 08, 09, 10, 12, 15, 24, 25, 29, 36, 38, 47, 48, 49, 53, 55, 57
000218, 07, 12, 13, 17, 18, 20, 23, 26, 27, 28, 29, 30, 33, 39, 49, 50, 52, 54, 55, 58
000219, 03, 05, 07, 08, 09, 13, 17, 21, 25, 26, 29, 31, 38, 39, 42, 43, 48, 53, 55, 58
000220, 02, 03, 06, 11, 14, 15, 23, 25, 36, 38, 45, 47, 49, 50, 51, 52, 53, 56, 57, 59
000221, 03, 06, 07, 11, 13, 14, 20, 22, 24, 25, 26, 27, 39, 42, 43, 48, 49, 55, 58, 60
000222, 02, 07, 10, 14, 16, 24, 25, 30, 35, 36, 37, 38, 39, 46, 47, 48, 49, 52, 53, 54
000223, 01, 02, 04, 12, 13, 14, 16, 19, 23, 24, 26, 27, 30, 32, 33, 37, 42, 43, 44, 45
000224, 02, 04, 07, 11, 14, 16, 19, 21, 28, 30, 32, 33, 38, 39, 40, 41, 42, 47, 50, 55
000225, 01, 02, 03, 04, 06, 09, 11, 13, 19, 20, 30, 31, 34, 36, 39, 43, 45, 47, 51, 53
000226, 03, 05, 13, 14, 15, 16, 17, 19, 22, 25, 29, 31, 33, 34, 36, 40, 42, 43, 46, 56
000227, 02, 04, 06, 10, 11, 12, 16, 21, 22, 23, 29, 30, 37, 41, 48, 49, 52, 55, 56, 59
000228, 02, 04, 05, 12, 17, 18, 19, 20, 22, 23, 28, 31, 37, 40, 46, 49, 50, 52, 54, 56
000229, 03, 05, 13, 14, 19, 23, 25, 28, 29, 30, 31, 35, 36, 37, 40, 42, 49, 52, 53, 55
000230, 01, 03, 04, 06, 09, 12, 18, 19, 23, 27, 28, 36, 40, 45, 46, 52, 53, 55, 56, 58
000231, 04, 06, 10, 11, 14, 15, 19, 21, 22, 27, 36, 37, 39, 41, 44, 47, 49, 51, 57, 60
000232, 03, 08, 11, 18, 19, 20, 21, 22, 31, 33, 35, 37, 39, 46, 51, 53, 56, 57, 58, 59
000233, 01, 07, 10, 12, 22, 23, 30, 31, 36, 37, 39, 44, 47, 48, 51, 52, 53, 54, 55, 57
000234, 01, 04, 07, 14, 23, 25, 26, 28, 30, 34, 40, 41, 45, 46, 47, 50, 53, 54, 55, 59
000235, 01, 02, 03, 07, 11, 12, 17, 18, 19, 20, 22, 25, 28, 29, 30, 34, 36, 41, 51, 53
000236, 02, 03, 06, 09, 10, 12, 16, 19, 22, 24, 25, 31, 33, 34, 35, 39, 40, 44, 45, 56
000237, 06, 07, 10, 16, 17, 19, 20, 25, 26, 29, 35, 37, 38, 40, 51, 55, 56, 57, 58, 59
000238, 04, 06, 08, 10, 11, 17, 21, 24, 29, 31, 33, 34, 37, 39, 43, 44, 47, 51, 53, 58
000239, 03, 10, 11, 12, 14, 15, 17, 19, 26, 27, 29, 31, 32, 33, 37, 41, 49, 51, 53, 55
000240, 03, 05, 10, 11, 12, 17, 26, 29, 30, 31, 39, 40, 42, 45, 47, 48, 52, 55, 57, 59
000241, 01, 07, 12, 15, 16, 17, 19, 21, 31, 33, 34, 36, 37, 38, 41, 45, 46, 56, 58, 59
000242, 06, 07, 11, 20, 21, 24, 28, 29, 31, 33, 34, 39, 42, 43, 45, 46, 49, 55, 56, 57
000243, 01, 03, 11, 15, 18, 20, 22, 25, 27, 30, 38, 40, 43, 46, 47, 53, 54, 56, 57, 59
000244, 06, 11, 12, 13, 14, 32, 33, 35, 36, 38, 39, 43, 46, 47, 50, 51, 52, 53, 54, 57
000245, 01, 02, 03, 06, 08, 09, 11, 17, 18, 28, 30, 31, 40, 41, 42, 47, 48, 49, 57, 60
000246, 05, 06, 07, 09, 10, 12, 14, 18, 25, 26, 30, 32, 34, 37, 43, 44, 48, 49, 55, 60
000247, 02, 08, 09, 13, 16, 20, 21, 25, 29, 31, 38, 41, 43, 47, 48, 49, 50, 51, 53, 57
000248, 02, 11, 13, 17, 19, 23, 28, 29, 32, 33, 34, 36, 39, 42, 44, 47, 56, 58, 59, 60
000249, 03, 04, 06, 07, 08, 09, 12, 13, 16, 23, 24, 40, 42, 44, 46, 47, 48, 50, 55, 57
000250, 01, 03, 04, 12, 14, 19, 21, 23, 24, 25, 32, 35, 38, 44, 46, 49, 51, 52, 54, 56
000251, 04, 05, 09, 16, 20, 21, 25, 28, 29, 31, 33, 35, 36, 39, 45, 46, 48, 53, 55, 58
000252, 01, 03, 06, 09, 14, 15, 19, 20, 21, 27, 31, 35, 36, 37, 38, 42, 43, 44, 46, 55
000253, 01, 02, 07, 14, 16, 23, 25, 28, 29, 34, 35, 38, 39, 42, 44, 46, 53, 57, 58, 59
000254, 05, 07, 10, 12, 14, 15, 20, 23, 25, 26, 27, 29, 34, 38, 42, 45, 46, 49, 52, 55
000255, 02, 07, 10, 11, 16, 18, 21, 24, 30, 31, 34, 35, 36, 37, 42, 44, 45, 46, 57, 59
000256, 01, 02, 03, 20, 21, 33, 34, 36, 38, 41, 42, 44, 45, 47, 48, 52, 53, 56, 57, 58
000257, 01, 02, 12, 14, 15, 16, 17, 18, 19, 21, 22, 23, 25, 30, 32, 33, 35, 42, 57, 59
000258, 01, 04, 05, 06, 07, 08, 10, 11, 24, 27, 30, 32, 33, 38, 39, 44, 46, 47, 52, 60
000259, 06, 07, 08, 13, 16, 20, 24, 25, 26, 30, 33, 38, 39, 42, 43, 47, 48, 49, 52, 54
000260, 01, 02, 03, 05, 06, 13, 14, 15, 18, 24, 27, 37, 39, 40, 42, 47, 48, 49, 52, 60
000261, 02, 05, 07, 08, 11, 12, 18, 22, 24, 26, 29, 35, 40, 46, 47, 50, 51, 52, 59, 60
000262, 02, 04, 05, 06, 09, 11, 18, 20, 23, 28, 30, 31, 32, 35, 36, 39, 47, 53, 59, 60
000263, 01, 05, 07, 08, 10, 11, 13, 15, 26, 33, 34, 39, 40, 43, 47, 48, 49, 52, 54, 56
000264, 04, 05, 10, 13, 16, 22, 26, 28, 32, 33, 35, 37, 39, 40, 44, 49, 50, 53, 56, 60
000265, 01, 06, 09, 11, 12, 16, 20, 21, 23, 24, 29, 33, 35, 38, 41, 43, 45, 47, 49, 59
000266, 04, 13, 14, 20, 22, 25, 26, 28, 29, 32, 38, 39, 40, 43, 45, 48, 53, 55, 59, 60
000267, 02, 05, 07, 10, 11, 13, 17, 21, 22, 26, 28, 29, 33, 41, 44, 45, 54, 56, 58, 59
000268, 03, 04, 05, 12, 13, 14, 15, 19, 26, 28, 33, 38, 40, 42, 45, 49, 53, 54, 58, 59
000269, 01, 04, 06, 10, 11, 13, 16, 17, 18, 21, 23, 27, 32, 33, 37, 43, 46, 50, 58, 59
000270, 01, 04, 05, 07, 15, 16, 17, 20, 21, 22, 25, 26, 30, 36, 38, 43, 45, 49, 56, 57
000271, 02, 06, 11, 17, 18, 20, 21, 23, 26, 28, 29, 30, 36, 40, 41, 42, 47, 51, 59, 60
000272, 02, 03, 05, 09, 15, 19, 22, 24, 25, 35, 36, 38, 45, 47, 50, 52, 53, 58, 59, 60
000273, 05, 06, 07, 08, 11, 13, 15, 18, 31, 32, 33, 35, 43, 44, 45, 46, 49, 53, 57, 58
000274, 05, 07, 15, 18, 19, 20, 21, 23, 25, 31, 33, 34, 35, 38, 39, 40, 45, 51, 53, 56
000275, 02, 07, 08, 12, 17, 21, 22, 25, 26, 28, 29, 31, 36, 40, 44, 50, 51, 56, 58, 60
000276, 02, 04, 07, 10, 14, 15, 16, 23, 24, 26, 27, 30, 35, 38, 43, 48, 50, 55, 57, 60
000277, 01, 03, 04, 05, 07, 09, 10, 12, 15, 20, 22, 23, 27, 32, 33, 42, 45, 46, 52, 60
000278, 08, 10, 14, 20, 22, 26, 28, 29, 31, 32, 34, 36, 37, 40, 41, 42, 43, 46, 53, 60
000279, 01, 02, 05, 07, 08, 13, 16, 19, 23, 24, 28, 31, 32, 36, 42, 45, 46, 50, 52, 57
000280, 01, 03, 06, 07, 09, 15, 18, 22, 24, 27, 30, 31, 33, 35, 38, 39, 40, 50, 55, 57
000281, 04, 10, 13, 16, 22, 23, 25, 27, 29, 31, 33, 36, 38, 39, 42, 46, 49, 50, 55, 57
000282, 01, 09, 10, 14, 19, 24, 25, 30, 31, 34, 38, 41, 42, 43, 44, 46, 48, 49, 53, 54
000283, 05, 07, 18, 21, 23, 24, 31, 32, 35, 38, 39, 40, 44, 45, 46, 47, 48, 51, 55, 56
000284, 01, 08, 11, 12, 14, 16, 17, 18, 20, 23, 25, 27, 28, 31, 32, 36, 39, 52, 53, 57
000285, 01, 04, 06, 12, 14, 15, 16, 28, 29, 39, 41, 43, 48, 49, 50, 51, 52, 54, 55, 59
000286, 08, 10, 12, 14, 17, 20, 22, 23, 25, 28, 29, 36, 38, 39, 43, 48, 53, 55, 56, 57
000287, 08, 13, 16, 18, 24, 25, 26, 27, 28, 32, 36, 40, 41, 45, 47, 48, 53, 54, 55, 57
000288, 01, 06, 07, 11, 15, 16, 23, 27, 31, 33, 34, 35, 36, 38, 39, 41, 45, 50, 51, 56
000289, 01, 03, 04, 06, 15, 22, 24, 25, 26, 27, 29, 31, 32, 34, 39, 40, 45, 46, 47, 50
000290, 02, 03, 04, 10, 16, 26, 27, 31, 34, 35, 37, 43, 45, 49, 51, 54, 55, 56, 59, 60
000291, 07, 11, 12, 17, 21, 23, 25, 26, 28, 30, 31, 32, 36, 37, 38, 40, 41, 46, 55, 59
000292, 04, 06, 10, 11, 15, 22, 23, 24, 28, 39, 42, 43, 44, 45, 47, 49, 52, 56, 59, 60
000293, 06, 08, 11, 15, 16, 17, 19, 21, 25, 28, 29, 30, 34, 37, 46, 52, 53, 55, 57, 59
000294, 02, 04, 05, 07, 09, 10, 20, 21, 22, 24, 26, 28, 33, 39, 45, 49, 50, 53, 54, 55
000295, 01, 03, 10, 11, 12, 14, 18, 20, 21, 30, 31, 33, 35, 36, 43, 49, 50, 54, 55, 60
000296, 02, 06, 07, 11, 13, 14, 21, 26, 27, 28, 30, 34, 36, 42, 49, 51, 53, 54, 57, 60
000297, 01, 06, 07, 08, 11, 14, 19, 28, 29, 30, 35, 36, 38, 43, 52, 53, 54, 55, 58, 60
000298, 01, 02, 09, 11, 14, 17, 28, 29, 37, 38, 39, 42, 43, 45, 48, 49, 51, 53, 57, 58
000299, 03, 04, 05, 06, 11, 13, 15, 23, 25, 26, 27, 35, 37, 45, 46, 48, 49, 54, 55, 57
000300, 01, 02, 03, 07, 12, 16, 17, 22, 26, 30, 32, 36, 37, 38, 43, 48, 52, 53, 56, 60
000301, 02, 04, 06, 08, 10, 11, 24, 27, 28, 29, 35, 38, 40, 41, 44, 47, 53, 54, 56, 57
000302, 05, 09, 10, 11, 14, 17, 18, 22, 23, 28, 29, 33, 35, 37, 39, 43, 51, 52, 55, 60
000303, 03, 07, 08, 10, 11, 12, 18, 25, 32, 35, 39, 40, 41, 42, 45, 46, 47, 49, 51, 56
000304, 03, 04, 08, 09, 10, 18, 25, 28, 33, 41, 44, 45, 48, 49, 50, 52, 55, 56, 57, 58
000305, 04, 05, 12, 15, 23, 24, 25, 26, 31, 32, 37, 40, 42, 44, 48, 51, 53, 55, 56, 57
000306, 01, 06, 07, 11, 13, 15, 18, 26, 27, 28, 30, 34, 35, 40, 43, 54, 56, 57, 58, 59
000307, 05, 06, 08, 09, 10, 11, 15, 18, 20, 26, 31, 33, 37, 43, 51, 54, 56, 57, 58, 60
000308, 01, 07, 12, 18, 20, 21, 24, 27, 30, 33, 35, 40, 43, 47, 48, 53, 55, 56, 57, 58
000309, 07, 09, 10, 11, 14, 17, 20, 21, 23, 25, 31, 32, 41, 45, 47, 49, 50, 51, 55, 58
000310, 02, 14, 16, 18, 20, 22, 29, 30, 31, 32, 36, 45, 46, 47, 48, 51, 52, 54, 58, 59
000311, 02, 10, 12, 13, 16, 17, 27, 29, 30, 32, 35, 37, 44, 46, 49, 52, 53, 54, 58, 60
000312, 01, 03, 05, 08, 10, 17, 20, 25, 30, 36, 37, 41, 44, 48, 49, 51, 54, 56, 57, 60
000313, 02, 03, 04, 11, 13, 18, 20, 24, 26, 27, 30, 32, 40, 44, 45, 47, 48, 52, 55, 58
000314, 01, 02, 04, 05, 06, 09, 11, 13, 17, 26, 28, 31, 34, 40, 41, 43, 45, 49, 54, 56
000315, 01, 05, 08, 10, 20, 22, 24, 26, 27, 29, 33, 37, 39, 42, 44, 45, 46, 50, 55, 58
000316, 04, 09, 10, 12, 14, 18, 20, 26, 28, 29, 30, 37, 42, 43, 44, 48, 52, 54, 56, 58
000317, 01, 08, 10, 11, 12, 13, 16, 24, 27, 28, 29, 31, 32, 35, 38, 40, 46, 54, 55, 60
000318, 02, 04, 05, 09, 12, 15, 17, 23, 26, 30, 35, 36, 39, 41, 46, 48, 50, 52, 53, 54
000319, 02, 03, 04, 06, 09, 11, 17, 18, 23, 25, 26, 27, 29, 36, 37, 42, 43, 44, 50, 54
000320, 03, 04, 06, 11, 18, 20, 22, 25, 27, 29, 30, 33, 42, 43, 44, 45, 50, 52, 53, 55
000321, 03, 08, 11, 14, 16, 18, 19, 20, 23, 27, 30, 31, 33, 36, 37, 51, 54, 55, 56, 57
000322, 04, 06, 07, 15, 17, 19, 24, 33, 37, 39, 43, 47, 48, 50, 54, 55, 56, 57, 58, 59
000323, 05, 10, 12, 13, 17, 19, 20, 22, 23, 24, 25, 28, 29, 30, 35, 37, 39, 40, 51, 60
000324, 02, 03, 04, 14, 18, 21, 24, 25, 27, 36, 37, 38, 39, 41, 47, 50, 51, 55, 56, 60
000325, 04, 05, 06, 08, 09, 12, 13, 14, 23, 28, 29, 30, 34, 35, 37, 41, 42, 44, 45, 59
000326, 01, 04, 09, 10, 14, 16, 17, 21, 26, 28, 29, 34, 36, 40, 42, 45, 48, 55, 57, 58
000327, 04, 05, 06, 08, 10, 18, 26, 28, 29, 31, 36, 37, 40, 43, 45, 46, 51, 54, 55, 60
000328, 05, 08, 14, 15, 16, 20, 24, 26, 31, 32, 37, 40, 41, 44, 45, 47, 52, 53, 56, 60
000329, 02, 08, 10, 16, 20, 22, 23, 24, 32, 33, 34, 36, 39, 44, 50, 52, 53, 54, 55, 60
000330, 01, 05, 08, 15, 16, 18, 21, 23, 32, 34, 38, 39, 40, 46, 47, 52, 55, 56, 57, 58
000331, 01, 02, 09, 11, 14, 16, 19, 23, 25, 26, 28, 33, 37, 39, 40, 41, 42, 46, 49, 60
000332, 05, 06, 15, 17, 18, 19, 21, 24, 28, 30, 36, 38, 43, 45, 47, 50, 51, 52, 57, 58
000333, 01, 02, 03, 04, 06, 08, 09, 16, 19, 20, 27, 34, 38, 42, 43, 47, 51, 52, 55, 57
000334, 02, 05, 07, 11, 12, 15, 19, 29, 30, 31, 32, 35, 41, 42, 44, 47, 53, 54, 57, 60
000335, 01, 02, 04, 05, 11, 12, 18, 19, 25, 28, 29, 30, 31, 33, 35, 40, 41, 45, 46, 53
000336, 01, 02, 03, 06, 07, 10, 12, 19, 22, 32, 34, 37, 38, 40, 46, 47, 51, 55, 56, 57
000337, 04, 08, 12, 15, 16, 18, 19, 20, 21, 22, 24, 25, 27, 31, 32, 33, 37, 46, 48, 53
000338, 01, 03, 05, 06, 08, 13, 15, 16, 17, 21, 24, 26, 27, 32, 36, 39, 45, 46, 57, 59
000339, 04, 05, 07, 10, 13, 15, 18, 19, 20, 23, 26, 27, 33, 41, 42, 48, 49, 51, 59, 60
000340, 02, 03, 07, 12, 13, 14, 22, 24, 29, 32, 33, 39, 40, 41, 44, 51, 52, 53, 58, 60
000341, 02, 05, 09, 10, 11, 12, 14, 15, 16, 17, 19, 20, 21, 22, 27, 31, 43, 55, 57, 59
000342, 10, 12, 17, 18, 28, 30, 34, 37, 40, 41, 43, 49, 50, 51, 53, 54, 56, 57, 58, 60
000343, 03, 04, 08, 09, 11, 13, 14, 20, 26, 31, 35, 36, 39, 43, 49, 50, 52, 54, 58, 60
000344, 10, 15, 17, 20, 23, 27, 28, 32, 34, 36, 39, 40, 44, 48, 50, 53, 54, 56, 58, 59
000345, 01, 02, 09, 11, 15, 21, 22, 23, 24, 25, 26, 27, 28, 30, 47, 50, 51, 54, 56, 58
000346, 01, 08, 10, 11, 14, 15, 20, 24, 27, 31, 35, 36, 39, 40, 41, 47, 51, 52, 56, 59
000347, 07, 09, 11, 15, 18, 22, 24, 26, 27, 28, 30, 31, 32, 36, 37, 39, 43, 49, 51, 54
000348, 03, 05, 09, 12, 13, 14, 15, 28, 30, 34, 35, 36, 39, 41, 42, 44, 48, 49, 54, 58
000349, 02, 05, 06, 11, 12, 14, 15, 16, 17, 22, 25, 30, 31, 34, 35, 41, 46, 49, 53, 54
000350, 05, 07, 10, 12, 16, 22, 23, 26, 29, 31, 34, 39, 40, 41, 45, 49, 50, 55, 56, 57
000351, 02, 03, 04, 06, 10, 13, 17, 21, 32, 37, 43, 47, 49, 51, 53, 54, 56, 57, 58, 59
000352, 02, 06, 08, 09, 10, 14, 15, 17, 28, 35, 41, 42, 43, 45, 47, 48, 50, 54, 57, 59
000353, 04, 07, 10, 11, 13, 16, 18, 19, 22, 27, 29, 30, 32, 35, 39, 42, 43, 46, 53, 60
000354, 05, 09, 10, 12, 15, 16, 19, 29, 30, 31, 32, 33, 39, 40, 45, 49, 53, 54, 55, 59
000355, 02, 04, 05, 07, 15, 16, 17, 20, 22, 24, 28, 33, 37, 42, 46, 51, 52, 53, 58, 60
000356, 01, 05, 11, 12, 18, 19, 20, 22, 23, 27, 28, 33, 38, 41, 42, 50, 51, 52, 55, 57
000357, 01, 03, 04, 06, 10, 14, 19, 26, 31, 35, 37, 40, 41, 48, 50, 51, 55, 57, 58, 59
000358, 03, 05, 10, 11, 15, 16, 19, 20, 21, 29, 33, 36, 41, 43, 46, 47, 52, 56, 57, 60
000359, 03, 05, 06, 10, 13, 18, 20, 21, 24, 27, 36, 37, 42, 43, 44, 52, 54, 57, 58, 59
000360, 02, 03, 09, 10, 11, 18, 19, 27, 29, 34, 36, 40, 41, 42, 46, 47, 50, 56, 59, 60
000361, 02, 09, 10, 13, 18, 19, 20, 27, 30, 31, 32, 33, 34, 36, 41, 43, 44, 49, 56, 60
000362, 03, 05, 10, 17, 18, 21, 23, 24, 25, 27, 28, 30, 31, 37, 40, 44, 45, 46, 54, 59
000363, 02, 07, 10, 14, 23, 24, 27, 32, 33, 36, 37, 38, 42, 43, 47, 49, 50, 53, 55, 57
000364, 01, 07, 09, 17, 18, 20, 21, 22, 23, 25, 27, 31, 32, 42, 43, 47, 48, 50, 57, 60
000365, 01, 02, 03, 09, 10, 11, 14, 15, 16, 17, 19, 24, 25, 27, 28, 41, 42, 45, 53, 56
000366, 03, 08, 17, 19, 20, 21, 25, 26, 30, 31, 35, 40, 44, 47, 49, 50, 52, 55, 56, 57
000367, 03, 04, 07, 08, 09, 10, 13, 14, 17, 22, 23, 26, 27, 30, 36, 38, 43, 45, 48, 59
000368, 01, 04, 08, 09, 10, 19, 22, 24, 25, 26, 30, 32, 35, 37, 38, 41, 54, 55, 57, 58
000369, 03, 05, 07, 08, 09, 10, 12, 14, 17, 18, 19, 27, 31, 33, 34, 38, 41, 45, 49, 55
000370, 08, 13, 15, 19, 20, 24, 26, 27, 28, 30, 31, 33, 37, 45, 47, 50, 53, 56, 57, 59
000371, 01, 02, 04, 10, 12, 14, 17, 18, 20, 21, 22, 28, 29, 30, 31, 39, 48, 49, 54, 58
000372, 02, 03, 06, 07, 09, 10, 14, 20, 23, 24, 25, 29, 33, 38, 43, 48, 50, 51, 54, 56
000373, 02, 13, 17, 26, 28, 34, 35, 36, 39, 40, 41, 43, 44, 45, 46, 47, 52, 54, 56, 60
000374, 02, 05, 08, 10, 11, 12, 18, 28, 29, 30, 36, 37, 39, 43, 45, 49, 52, 53, 55, 57
000375, 04, 07, 09, 21, 23, 24, 25, 27, 28, 32, 34, 35, 36, 43, 45, 46, 48, 50, 55, 59
000376, 03, 04, 09, 18, 21, 23, 24, 25, 33, 34, 35, 38, 44, 45, 46, 52, 53, 55, 56, 57
000377, 01, 03, 07, 09, 12, 14, 16, 17, 20, 24, 25, 31, 34, 37, 47, 49, 50, 53, 55, 58
000378, 02, 03, 05, 11, 15, 16, 17, 18, 28, 34, 37, 38, 40, 41, 42, 44, 50, 51, 54, 60
000379, 05, 06, 09, 11, 14, 15, 16, 21, 23, 25, 30, 32, 38, 39, 41, 44, 49, 51, 56, 57
000380, 03, 04, 08, 09, 11, 13, 23, 24, 25, 26, 29, 31, 33, 38, 39, 41, 53, 56, 57, 60
000381, 03, 04, 10, 12, 18, 19, 23, 25, 26, 28, 29, 34, 36, 39, 40, 42, 49, 50, 54, 57
000382, 09, 10, 11, 12, 19, 20, 25, 26, 30, 36, 38, 40, 41, 48, 49, 53, 55, 56, 58, 59
000383, 02, 11, 15, 16, 18, 20, 29, 33, 34, 36, 38, 40, 41, 44, 46, 47, 53, 54, 58, 60
000384, 03, 10, 15, 16, 17, 25, 38, 39, 42, 43, 44, 45, 46, 48, 49, 51, 53, 54, 55, 57
000385, 04, 05, 09, 10, 11, 12, 15, 16, 18, 21, 30, 34, 35, 39, 44, 52, 53, 55, 56, 59
000386, 02, 03, 04, 06, 07, 12, 14, 16, 18, 19, 22, 24, 29, 35, 37, 39, 40, 44, 54, 55
000387, 02, 05, 08, 09, 10, 12, 14, 16, 21, 25, 26, 28, 29, 30, 38, 42, 43, 48, 52, 57
000388, 01, 02, 04, 09, 12, 14, 20, 21, 23, 26, 27, 28, 30, 36, 37, 39, 45, 48, 51, 57
000389, 01, 03, 11, 12, 13, 15, 18, 22, 23, 25, 26, 32, 34, 35, 38, 39, 44, 52, 54, 58
000390, 04, 05, 14, 17, 20, 25, 27, 31, 32, 34, 40, 42, 43, 46, 47, 52, 55, 58, 59, 60
000391, 05, 07, 12, 13, 19, 21, 22, 26, 27, 29, 30, 31, 32, 33, 36, 43, 49, 50, 52, 58
000392, 02, 04, 06, 10, 13, 17, 19, 22, 25, 30, 33, 35, 39, 42, 46, 47, 51, 54, 59, 60
000393, 03, 05, 06, 13, 18, 20, 21, 24, 25, 28, 34, 36, 37, 38, 40, 43, 50, 53, 55, 58
000394, 01, 03, 08, 09, 10, 13, 15, 17, 18, 22, 28, 34, 37, 41, 44, 46, 47, 48, 51, 57
000395, 07, 11, 12, 15, 21, 23, 24, 26, 29, 31, 33, 34, 38, 45, 46, 47, 48, 51, 55, 59
000396, 02, 10, 24, 26, 28, 30, 31, 32, 34, 36, 37, 47, 48, 51, 52, 54, 55, 57, 58, 60
000397, 01, 03, 05, 13, 16, 28, 31, 35, 36, 38, 39, 40, 42, 45, 46, 51, 52, 54, 56, 60
000398, 01, 08, 09, 15, 16, 19, 22, 24, 25, 30, 31, 33, 34, 38, 51, 52, 54, 55, 56, 60
000399, 02, 03, 06, 12, 14, 16, 17, 20, 21, 23, 34, 41, 42, 43, 47, 52, 54, 55, 56, 57
000400, 01, 02, 04, 06, 07, 08, 09, 10, 12, 13, 14, 15, 26, 30, 36, 46, 48, 52, 53, 54
000401, 04, 08, 09, 10, 11, 16, 23, 27, 28, 29, 30, 31, 35, 36, 38, 41, 45, 48, 52, 59
000402, 06, 09, 11, 12, 15, 18, 26, 30, 33, 36, 38, 40, 44, 49, 50, 51, 53, 54, 55, 56
000403, 02, 05, 06, 07, 18, 21, 22, 23, 25, 31, 35, 38, 43, 45, 49, 52, 53, 54, 55, 57
000404, 08, 10, 11, 12, 14, 17, 18, 22, 23, 24, 30, 32, 35, 37, 38, 41, 43, 50, 56, 58
000405, 01, 05, 06, 11, 14, 20, 22, 26, 27, 29, 30, 32, 33, 45, 48, 51, 52, 56, 57, 58
000406, 02, 03, 04, 05, 07, 11, 12, 13, 14, 15, 19, 21, 25, 35, 37, 45, 47, 49, 50, 51
000407, 02, 03, 05, 08, 10, 12, 13, 16, 17, 25, 26, 29, 31, 33, 34, 42, 45, 52, 57, 59
000408, 02, 06, 07, 08, 10, 17, 19, 20, 23, 25, 29, 30, 37, 39, 40, 42, 50, 52, 54, 60
000409, 03, 04, 13, 15, 18, 25, 26, 35, 36, 41, 42, 43, 44, 45, 47, 48, 49, 52, 56, 58
000410, 02, 04, 11, 15, 20, 24, 25, 26, 30, 35, 38, 39, 45, 46, 48, 49, 50, 51, 58, 59
000411, 10, 12, 13, 20, 23, 29, 31, 32, 33, 37, 38, 39, 40, 45, 48, 49, 50, 54, 59, 60
000412, 05, 09, 11, 14, 20, 23, 24, 26, 28, 31, 34, 39, 42, 44, 46, 47, 48, 49, 53, 54
000413, 02, 04, 15, 18, 19, 22, 26, 29, 35, 37, 40, 42, 43, 44, 46, 48, 51, 53, 57, 60
000414, 01, 06, 16, 17, 18, 23, 27, 29, 34, 36, 38, 41, 44, 45, 48, 54, 55, 56, 59, 60
000415, 06, 10, 11, 14, 15, 17, 21, 29, 30, 31, 37, 40, 42, 43, 44, 45, 48, 51, 57, 60
000416, 02, 06, 07, 12, 15, 17, 19, 21, 23, 33, 35, 37, 38, 39, 40, 41, 51, 52, 53, 56
000417, 02, 04, 07, 19, 21, 24, 26, 28, 33, 34, 37, 38, 41, 42, 43, 44, 52, 55, 59, 60
000418, 01, 02, 04, 06, 07, 09, 17, 22, 23, 26, 27, 36, 37, 38, 41, 43, 45, 46, 53, 54
000419, 01, 02, 05, 07, 12, 13, 20, 22, 25, 27, 29, 30, 33, 37, 40, 43, 51, 52, 58, 60
000420, 06, 07, 09, 11, 15, 17, 18, 20, 21, 22, 28, 30, 35, 36, 37, 43, 45, 47, 48, 59
000421, 02, 05, 07, 09, 11, 14, 15, 22, 31, 33, 36, 37, 42, 44, 45, 46, 48, 55, 58, 60
000422, 03, 04, 08, 10, 14, 18, 22, 23, 25, 29, 31, 37, 38, 39, 40, 42, 44, 46, 59, 60
000423, 05, 09, 10, 13, 14, 16, 19, 21, 24, 30, 32, 33, 34, 48, 49, 50, 51, 52, 58, 59
000424, 05, 07, 08, 11, 12, 15, 18, 22, 24, 27, 31, 32, 33, 36, 44, 50, 52, 55, 56, 59
000425, 06, 07, 10, 11, 14, 17, 18, 19, 23, 24, 26, 30, 32, 36, 40, 41, 43, 45, 52, 55
000426, 03, 04, 05, 06, 11, 12, 18, 24, 30, 31, 32, 33, 39, 40, 42, 49, 53, 55, 56, 58
000427, 05, 10, 16, 19, 20, 21, 22, 24, 26, 27, 29, 31, 36, 37, 39, 40, 41, 43, 56, 59
000428, 04, 06, 07, 08, 09, 14, 15, 23, 35, 38, 39, 41, 42, 43, 45, 46, 49, 50, 52, 53
000429, 04, 09, 11, 12, 15, 20, 21, 26, 30, 33, 34, 35, 38, 48, 49, 54, 55, 56, 57, 59
000430, 09, 10, 11, 16, 28, 29, 31, 33, 36, 37, 42, 44, 45, 46, 47, 50, 51, 53, 55, 56
000431, 06, 07, 08, 10, 14, 15, 19, 23, 28, 32, 34, 42, 44, 47, 49, 52, 55, 57, 58, 60
000432, 01, 05, 09, 18, 23, 26, 29, 31, 32, 33, 35, 38, 40, 42, 47, 48, 54, 55, 56, 60
000433, 04, 05, 12, 15, 16, 17, 18, 19, 22, 26, 27, 30, 41, 43, 51, 52, 53, 55, 56, 58
000434, 07, 09, 13, 20, 22, 23, 24, 25, 31, 32, 34, 35, 36, 39, 50, 53, 55, 56, 58, 59
000435, 01, 02, 04, 07, 10, 12, 13, 16, 19, 21, 27, 28, 32, 34, 39, 40, 44, 45, 55, 56
000436, 05, 09, 15, 16, 23, 24, 25, 28, 30, 31, 34, 35, 41, 42, 46, 50, 51, 52, 56, 57
000437, 04, 09, 13, 14, 16, 22, 23, 25, 27, 28, 29, 30, 33, 35, 40, 43, 44, 45, 52, 57
000438, 01, 06, 07, 08, 11, 17, 19, 21, 23, 25, 28, 29, 33, 36, 40, 41, 50, 54, 55, 58
000439, 01, 02, 06, 07, 10, 14, 15, 17, 18, 20, 22, 24, 27, 32, 37, 51, 52, 53, 58, 59
000440, 03, 05, 06, 07, 08, 10, 11, 13, 18, 29, 31, 34, 35, 46, 48, 51, 52, 55, 57, 58
000441, 03, 04, 08, 10, 12, 13, 22, 23, 27, 30, 31, 34, 35, 42, 47, 50, 51, 55, 57, 58
000442, 04, 05, 06, 07, 08, 09, 21, 23, 24, 26, 29, 40, 41, 42, 43, 44, 52, 53, 56, 57
000443, 07, 08, 09, 13, 21, 24, 27, 34, 40, 41, 43, 44, 45, 46, 47, 54, 55, 56, 58, 60
000444, 02, 11, 13, 21, 22, 24, 26, 27, 30, 31, 32, 36, 38, 40, 45, 47, 49, 53, 54, 56
000445, 02, 05, 12, 16, 19, 24, 27, 31, 35, 36, 38, 39, 41, 47, 51, 55, 56, 57, 59, 60
000446, 05, 10, 12, 15, 16, 18, 29, 30, 34, 35, 38, 40, 41, 42, 46, 48, 51, 54, 57, 60
000447, 03, 04, 06, 07, 12, 17, 19, 20, 21, 22, 29, 32, 33, 37, 38, 42, 44, 55, 56, 60
000448, 03, 06, 11, 14, 15, 16, 18, 21, 22, 24, 27, 28, 29, 31, 44, 50, 51, 52, 54, 56
000449, 01, 03, 06, 07, 11, 16, 20, 22, 25, 27, 29, 30, 34, 35, 39, 44, 45, 54, 58, 60
000450, 01, 05, 10, 13, 16, 17, 18, 19, 21, 27, 28, 29, 30, 35, 36, 38, 40, 42, 45, 54
000451, 03, 08, 12, 13, 18, 25, 35, 36, 37, 39, 42, 43, 45, 48, 49, 50, 52, 56, 57, 59
000452, 04, 05, 07, 11, 12, 20, 34, 36, 37, 38, 40, 41, 44, 47, 48, 50, 51, 53, 54, 58
000453, 01, 02, 03, 07, 11, 19, 20, 21, 22, 24, 28, 31, 34, 36, 39, 44, 52, 53, 55, 57
000454, 01, 09, 10, 12, 13, 20, 21, 23, 25, 26, 27, 28, 30, 33, 36, 39, 44, 45, 47, 53
000455, 02, 05, 09, 18, 19, 24, 29, 30, 31, 33, 38, 41, 43, 48, 50, 51, 53, 55, 56, 58
000456, 01, 02, 04, 05, 09, 10, 11, 12, 16, 20, 25, 30, 38, 41, 44, 50, 51, 55, 56, 60
000457, 04, 06, 07, 09, 10, 14, 15, 16, 19, 21, 26, 27, 38, 39, 40, 41, 54, 56, 57, 60
000458, 01, 07, 12, 13, 14, 18, 19, 22, 24, 26, 27, 31, 35, 38, 41, 45, 46, 48, 52, 56
000459, 09, 10, 12, 15, 17, 18, 23, 25, 31, 35, 36, 39, 40, 49, 51, 54, 55, 56, 57, 59
000460, 03, 05, 07, 08, 10, 12, 16, 22, 23, 24, 26, 27, 29, 31, 35, 43, 44, 45, 48, 55
000461, 06, 07, 12, 23, 24, 25, 26, 29, 30, 31, 40, 41, 49, 50, 51, 52, 53, 54, 59, 60
000462, 03, 05, 07, 11, 12, 13, 17, 19, 20, 21, 22, 28, 34, 41, 43, 47, 51, 53, 59, 60
000463, 02, 03, 05, 07, 09, 14, 16, 18, 22, 25, 29, 32, 40, 41, 43, 46, 50, 55, 57, 58
000464, 02, 05, 09, 14, 22, 23, 24, 26, 29, 37, 38, 40, 41, 45, 50, 52, 54, 55, 57, 60
000465, 02, 04, 06, 09, 12, 13, 18, 19, 20, 21, 24, 27, 29, 34, 37, 42, 43, 51, 58, 60
000466, 05, 07, 09, 10, 13, 15, 17, 19, 21, 22, 35, 36, 37, 40, 41, 45, 46, 49, 59, 60
000467, 01, 04, 06, 09, 10, 11, 17, 18, 23, 25, 29, 33, 37, 38, 39, 47, 52, 54, 55, 58
000468, 01, 02, 04, 05, 15, 16, 19, 22, 25, 29, 32, 33, 35, 40, 48, 49, 52, 54, 57, 60
000469, 01, 03, 09, 15, 19, 21, 22, 23, 28, 29, 33, 34, 35, 39, 44, 49, 51, 52, 54, 56
000470, 03, 04, 05, 08, 13, 15, 16, 19, 20, 27, 29, 32, 35, 37, 39, 40, 49, 52, 56, 57
000471, 02, 08, 10, 15, 18, 19, 20, 21, 25, 32, 33, 34, 36, 45, 46, 48, 49, 54, 59, 60
000472, 01, 04, 07, 09, 14, 15, 16, 17, 19, 24, 26, 27, 37, 38, 42, 46, 52, 53, 59, 60
000473, 06, 09, 10, 13, 15, 16, 22, 23, 24, 26, 31, 35, 38, 40, 41, 43, 45, 49, 52, 58
000474, 01, 06, 07, 09, 14, 16, 18, 19, 21, 24, 26, 30, 33, 43, 45, 50, 51, 52, 57, 60
000475, 01, 04, 05, 09, 14, 23, 27, 28, 29, 30, 31, 33, 34, 38, 39, 42, 47, 48, 54, 60
000476, 07, 08, 09, 10, 15, 19, 23, 26, 29, 30, 31, 32, 38, 39, 42, 49, 53, 54, 56, 58
000477, 05, 06, 09, 10, 13, 16, 17, 19, 24, 25, 32, 39, 42, 43, 46, 52, 54, 55, 56, 59
000478, 09, 10, 16, 20, 21, 26, 27, 28, 31, 36, 37, 39, 41, 44, 47, 49, 53, 54, 57, 59
000479, 04, 07, 12, 18, 20, 27, 28, 30, 32, 33, 35, 39, 42, 45, 46, 50, 51, 52, 55, 57
000480, 01, 03, 06, 09, 10, 11, 13, 15, 16, 17, 18, 22, 27, 28, 30, 37, 49, 52, 57, 60
000481, 01, 02, 03, 06, 08, 13, 14, 15, 19, 31, 32, 33, 34, 35, 45, 46, 49, 51, 53, 54
000482, 02, 03, 05, 07, 12, 14, 15, 18, 21, 22, 23, 32, 34, 36, 37, 39, 44, 50, 51, 56
000483, 05, 06, 08, 09, 11, 12, 17, 18, 19, 21, 24, 26, 28, 38, 40, 41, 46, 47, 48, 57
000484, 02, 04, 07, 10, 12, 19, 20, 21, 22, 26, 29, 30, 46, 47, 48, 49, 53, 57, 58, 59
000485, 02, 03, 05, 15, 18, 20, 27, 29, 35, 36, 40, 44, 45, 46, 49, 50, 51, 53, 57, 60
000486, 08, 10, 12, 16, 17, 18, 24, 25, 28, 29, 32, 33, 37, 38, 39, 44, 45, 46, 47, 48
000487, 04, 05, 06, 07, 14, 18, 23, 24, 25, 29, 31, 35, 36, 40, 43, 45, 46, 50, 55, 57
000488, 02, 03, 05, 07, 09, 10, 12, 17, 21, 25, 27, 37, 40, 42, 44, 45, 51, 55, 56, 60
000489, 05, 07, 08, 18, 23, 27, 28, 29, 32, 34, 39, 43, 49, 50, 53, 55, 56, 57, 59, 60
000490, 02, 04, 06, 08, 09, 12, 13, 16, 19, 24, 30, 32, 38, 41, 47, 52, 53, 54, 56, 60
000491, 01, 04, 09, 10, 11, 16, 20, 22, 23, 28, 30, 32, 33, 39, 41, 45, 46, 49, 52, 58
000492, 03, 06, 10, 12, 13, 18, 21, 24, 26, 27, 30, 33, 36, 43, 46, 48, 49, 53, 57, 59
000493, 06, 08, 09, 11, 12, 17, 19, 20, 22, 23, 28, 32, 35, 38, 40, 41, 43, 44, 48, 58
000494, 02, 04, 07, 08, 13, 15, 23, 26, 27, 28, 33, 35, 41, 45, 47, 49, 50, 52, 55, 59
000495, 01, 02, 05, 16, 17, 19, 22, 24, 27, 31, 32, 33, 41, 42, 44, 47, 53, 54, 55, 56
000496, 01, 05, 06, 08, 09, 17, 19, 25, 28, 29, 32, 33, 36, 37, 43, 47, 51, 56, 57, 59
000497, 07, 11, 13, 14, 17, 19, 20, 21, 24, 25, 27, 29, 32, 33, 36, 41, 43, 45, 53, 54
000498, 03, 07, 10, 11, 14, 17, 19, 20, 28, 29, 33, 37, 38, 45, 50, 53, 54, 57, 58, 59
000499, 01, 03, 09, 14, 16, 19, 20, 21, 23, 34, 38, 39, 40, 41, 44, 46, 47, 52, 53, 60
000500, 02, 06, 11, 14, 18, 20, 22, 24, 27, 33, 36, 37, 40, 41, 47, 48, 49, 50, 54, 57
000501, 02, 04, 10, 11, 15, 16, 20, 25, 29, 30, 35, 41, 43, 44, 46, 52, 53, 54, 55, 59
000502, 05, 09, 12, 14, 15, 18, 19, 22, 25, 32, 33, 36, 39, 43, 45, 47, 50, 52, 54, 58
000503, 01, 03, 06, 07, 08, 14, 16, 17, 26, 29, 30, 31, 37, 41, 42, 43, 52, 54, 57, 58
000504, 04, 07, 10, 11, 12, 14, 18, 19, 20, 23, 25, 29, 30, 36, 39, 41, 42, 46, 53, 55
000505, 01, 18, 25, 31, 33, 34, 38, 40, 43, 44, 45, 46, 48, 50, 53, 54, 56, 57, 58, 59
000506, 06, 10, 16, 25, 26, 30, 32, 33, 34, 40, 43, 44, 45, 46, 49, 51, 54, 55, 56, 59
000507, 06, 09, 12, 13, 15, 21, 23, 24, 26, 27, 29, 34, 40, 43, 44, 45, 47, 50, 53, 55
000508, 01, 02, 06, 08, 12, 13, 16, 19, 22, 23, 29, 34, 35, 36, 39, 42, 47, 53, 55, 58
000509, 04, 12, 15, 17, 18, 28, 31, 33, 34, 35, 36, 37, 41, 44, 46, 48, 50, 52, 56, 60
000510, 01, 03, 07, 08, 10, 15, 16, 25, 29, 30, 34, 36, 44, 46, 50, 52, 54, 55, 56, 58
000511, 01, 08, 12, 13, 24, 28, 31, 33, 34, 35, 41, 43, 45, 46, 49, 51, 52, 54, 56, 57
000512, 01, 04, 06, 07, 11, 12, 15, 26, 28, 38, 39, 40, 42, 44, 46, 48, 53, 55, 56, 57
000513, 01, 10, 11, 12, 13, 15, 29, 30, 31, 32, 37, 38, 39, 42, 43, 47, 51, 54, 55, 56
000514, 01, 02, 03, 08, 12, 16, 19, 25, 27, 28, 29, 31, 33, 34, 35, 38, 44, 51, 57, 59
000515, 01, 06, 07, 08, 14, 21, 22, 26, 29, 38, 39, 40, 43, 47, 48, 49, 51, 54, 57, 58
000516, 01, 04, 06, 07, 10, 12, 17, 18, 20, 26, 31, 32, 35, 36, 37, 38, 39, 47, 53, 57
000517, 02, 03, 04, 17, 18, 24, 25, 28, 30, 32, 34, 35, 36, 37, 42, 48, 50, 52, 55, 56
000518, 01, 04, 13, 15, 17, 19, 20, 21, 26, 27, 29, 35, 40, 41, 46, 48, 52, 55, 56, 59
000519, 02, 07, 08, 10, 16, 20, 24, 32, 34, 36, 37, 38, 39, 40, 42, 47, 51, 57, 58, 59
000520, 03, 05, 11, 17, 21, 22, 25, 26, 27, 38, 40, 41, 42, 44, 49, 50, 55, 56, 57, 59
000521, 03, 11, 14, 15, 17, 18, 23, 24, 25, 26, 31, 34, 37, 38, 42, 44, 46, 53, 57, 58
000522, 02, 03, 04, 15, 16, 18, 24, 26, 27, 28, 32, 36, 42, 46, 49, 51, 52, 55, 57, 59
000523, 03, 05, 06, 18, 19, 23, 26, 27, 31, 33, 34, 37, 41, 44, 45, 46, 52, 54, 58, 59
000524, 01, 06, 07, 08, 11, 25, 26, 30, 31, 34, 36, 37, 40, 43, 49, 50, 51, 55, 56, 60
000525, 02, 03, 05, 08, 09, 11, 13, 15, 19, 20, 24, 27, 29, 30, 37, 38, 42, 49, 52, 54
000526, 04, 05, 08, 10, 11, 13, 14, 16, 17, 19, 27, 28, 34, 39, 42, 46, 47, 54, 56, 57
000527, 01, 05, 10, 12, 16, 20, 22, 25, 29, 30, 32, 38, 41, 43, 50, 51, 52, 53, 57, 60
000528, 05, 09, 10, 13, 19, 21, 22, 24, 29, 37, 41, 42, 43, 46, 47, 49, 50, 51, 55, 57
000529, 04, 11, 14, 16, 17, 19, 22, 24, 25, 28, 30, 38, 47, 50, 53, 55, 56, 57, 58, 59
000530, 01, 02, 03, 04, 06, 08, 11, 13, 14, 26, 28, 29, 32, 40, 41, 45, 49, 50, 53, 57
000531, 02, 05, 08, 10, 12, 14, 22, 23, 25, 28, 31, 35, 36, 39, 46, 49, 50, 51, 55, 59
000532, 01, 03, 04, 05, 09, 12, 13, 14, 15, 16, 23, 24, 27, 30, 42, 44, 48, 50, 54, 57
000533, 01, 05, 08, 09, 11, 14, 17, 20, 21, 33, 35, 37, 39, 41, 42, 44, 45, 47, 52, 58
000534, 01, 08, 09, 10, 11, 13, 14, 16, 19, 20, 21, 24, 26, 28, 32, 33, 38, 46, 49, 55
000535, 02, 08, 11, 17, 22, 24, 29, 33, 34, 36, 37, 38, 39, 42, 49, 50, 55, 58, 59, 60
000536, 03, 06, 07, 09, 10, 15, 18, 20, 22, 24, 26, 29, 32, 34, 41, 45, 48, 49, 50, 53
000537, 05, 07, 08, 09, 18, 23, 30, 37, 38, 40, 42, 47, 51, 52, 53, 54, 55, 56, 57, 59
000538, 02, 03, 07, 10, 11, 17, 25, 28, 32, 37, 38, 40, 41, 46, 48, 50, 52, 54, 57, 60
000539, 02, 06, 11, 12, 15, 18, 21, 23, 24, 29, 32, 33, 34, 36, 42, 44, 45, 47, 54, 58
000540, 04, 06, 07, 12, 13, 14, 16, 17, 19, 20, 22, 28, 32, 34, 49, 50, 51, 55, 56, 59
000541, 01, 06, 07, 09, 16, 18, 21, 25, 26, 27, 28, 33, 34, 42, 47, 50, 52, 55, 59, 60
000542, 05, 14, 18, 20, 22, 25, 28, 29, 32, 34, 35, 39, 43, 47, 48, 49, 50, 53, 55, 58
000543, 06, 08, 13, 15, 20, 23, 25, 26, 28, 30, 31, 34, 39, 40, 43, 46, 49, 50, 54, 59
000544, 01, 02, 05, 10, 14, 16, 20, 24, 25, 27, 29, 30, 35, 36, 39, 42, 44, 46, 53, 58
000545, 01, 03, 07, 08, 11, 16, 20, 24, 28, 35, 36, 37, 38, 40, 46, 47, 49, 50, 51, 53
000546, 05, 13, 14, 16, 23, 30, 31, 33, 36, 39, 42, 47, 48, 50, 51, 52, 53, 55, 56, 59
000547, 05, 06, 07, 13, 14, 16, 17, 21, 22, 23, 30, 31, 42, 43, 45, 46, 48, 50, 53, 54
000548, 02, 03, 04, 12, 15, 16, 21, 22, 23, 27, 29, 30, 31, 33, 45, 46, 49, 52, 56, 59
000549, 04, 05, 09, 10, 13, 14, 18, 22, 25, 26, 27, 28, 30, 37, 42, 43, 51, 55, 59, 60
000550, 02, 04, 06, 08, 14, 16, 17, 26, 27, 30, 32, 34, 40, 44, 47, 50, 51, 52, 56, 57
000551, 06, 14, 17, 20, 21, 22, 23, 26, 35, 42, 44, 45, 48, 51, 53, 54, 55, 57, 58, 59
000552, 03, 04, 05, 06, 07, 14, 15, 29, 31, 35, 39, 40, 41, 46, 48, 49, 50, 55, 57, 58
000553, 01, 04, 05, 06, 08, 11, 12, 22, 24, 31, 33, 34, 38, 41, 42, 54, 55, 57, 58, 60
000554, 01, 03, 08, 10, 16, 18, 19, 21, 22, 23, 28, 33, 38, 41, 43, 45, 47, 51, 53, 57
000555, 13, 15, 16, 18, 22, 24, 26, 27, 28, 31, 32, 40, 41, 45, 47, 50, 53, 54, 58, 59
000556, 02, 04, 08, 10, 12, 15, 16, 23, 28, 31, 33, 36, 40, 43, 49, 50, 51, 55, 58, 59
000557, 10, 12, 15, 16, 18, 22, 27, 28, 31, 36, 39, 43, 44, 45, 48, 53, 54, 56, 58, 59
000558, 02, 04, 07, 09, 15, 16, 17, 20, 21, 23, 24, 30, 34, 35, 40, 50, 53, 55, 58, 59
000559, 02, 03, 10, 13, 15, 19, 21, 24, 26, 31, 42, 44, 45, 46, 48, 52, 53, 54, 56, 57
000560, 07, 08, 09, 13, 16, 18, 21, 24, 27, 29, 31, 33, 37, 38, 40, 42, 43, 54, 55, 60
000561, 04, 07, 10, 15, 18, 19, 21, 22, 23, 26, 27, 29, 31, 32, 41, 45, 50, 51, 52, 58
000562, 03, 04, 09, 16, 17, 19, 20, 24, 25, 29, 33, 34, 40, 42, 46, 47, 51, 52, 57, 58
000563, 01, 06, 07, 08, 09, 11, 13, 14, 18, 19, 21, 27, 30, 32, 33, 34, 37, 44, 45, 49
000564, 06, 10, 11, 15, 16, 17, 21, 23, 26, 30, 32, 33, 37, 43, 45, 46, 47, 51, 52, 59
000565, 03, 04, 09, 14, 25, 27, 28, 29, 30, 31, 32, 33, 36, 39, 40, 43, 44, 50, 51, 52
000566, 02, 04, 08, 11, 19, 22, 24, 27, 28, 29, 32, 33, 34, 42, 43, 48, 51, 57, 58, 60
000567, 05, 08, 10, 13, 16, 18, 19, 20, 21, 23, 26, 28, 31, 36, 37, 40, 48, 50, 54, 55
000568, 02, 03, 04, 05, 09, 12, 14, 21, 27, 29, 31, 33, 34, 35, 38, 42, 45, 46, 47, 53
000569, 01, 05, 13, 14, 16, 21, 22, 24, 25, 30, 33, 37, 39, 41, 43, 50, 52, 54, 55, 56
000570, 02, 03, 04, 05, 06, 08, 09, 11, 13, 15, 17, 26, 27, 30, 31, 33, 39, 41, 51, 59
000571, 03, 04, 05, 06, 11, 12, 13, 24, 25, 26, 32, 34, 35, 38, 45, 52, 53, 54, 56, 60
000572, 05, 11, 14, 19, 21, 23, 29, 34, 35, 39, 41, 43, 45, 47, 49, 50, 53, 57, 58, 60
000573, 02, 03, 04, 05, 13, 17, 19, 25, 26, 27, 32, 33, 34, 42, 44, 47, 56, 57, 59, 60
000574, 07, 15, 16, 17, 20, 22, 26, 27, 29, 36, 40, 42, 43, 47, 49, 54, 55, 58, 59, 60
000575, 07, 10, 14, 16, 19, 21, 24, 30, 31, 32, 34, 38, 40, 41, 46, 50, 55, 56, 58, 60
000576, 02, 04, 09, 11, 12, 14, 21, 22, 25, 28, 29, 32, 33, 35, 38, 43, 54, 57, 59, 60
000577, 01, 06, 08, 09, 10, 12, 15, 17, 26, 28, 29, 35, 38, 41, 42, 47, 49, 52, 54, 60
000578, 03, 04, 06, 07, 09, 15, 17, 19, 22, 23, 24, 25, 30, 33, 42, 50, 56, 57, 59, 60
000579, 01, 02, 04, 07, 09, 12, 15, 17, 26, 27, 29, 32, 34, 38, 40, 41, 42, 43, 51, 55
000580, 01, 06, 08, 09, 18, 19, 24, 25, 26, 29, 36, 38, 42, 44, 45, 47, 48, 54, 57, 60
000581, 05, 07, 08, 09, 16, 17, 21, 23, 24, 27, 32, 33, 37, 45, 46, 50, 53, 58, 59, 60
000582, 01, 02, 03, 09, 14, 15, 17, 18, 19, 24, 26, 31, 35, 36, 38, 43, 46, 50, 51, 57
000583, 01, 04, 15, 17, 18, 19, 21, 22, 24, 28, 37, 39, 44, 45, 47, 51, 52, 58, 59, 60
000584, 04, 06, 07, 13, 14, 18, 19, 21, 24, 30, 35, 38, 39, 41, 42, 47, 49, 50, 51, 52
000585, 02, 03, 04, 06, 07, 10, 14, 16, 21, 22, 24, 27, 31, 32, 37, 38, 39, 40, 45, 56
000586, 02, 07, 12, 16, 18, 25, 27, 29, 30, 32, 41, 42, 43, 45, 47, 48, 51, 54, 57, 59
000587, 05, 06, 07, 10, 13, 14, 15, 16, 19, 29, 33, 36, 41, 43, 46, 47, 48, 52, 53, 54
000588, 04, 05, 07, 08, 17, 22, 24, 32, 33, 34, 35, 40, 47, 48, 49, 54, 56, 57, 59, 60
000589, 02, 03, 05, 13, 14, 15, 16, 17, 20, 23, 25, 26, 32, 34, 41, 44, 49, 50, 59, 60
000590, 02, 03, 07, 09, 12, 15, 17, 18, 19, 25, 28, 29, 31, 32, 34, 37, 40, 48, 56, 60
000591, 01, 07, 08, 09, 19, 25, 28, 31, 36, 37, 43, 49, 50, 51, 52, 54, 55, 56, 58, 60
000592, 02, 03, 08, 19, 24, 29, 30, 31, 32, 33, 34, 37, 38, 46, 49, 52, 54, 55, 56, 58
000593, 08, 09, 10, 12, 16, 18, 25, 28, 35, 36, 38, 39, 40, 44, 46, 53, 54, 55, 56, 59
000594, 02, 05, 09, 10, 14, 21, 22, 23, 25, 26, 32, 35, 38, 39, 42, 43, 51, 52, 59, 60
000595, 02, 04, 06, 15, 20, 23, 25, 28, 29, 31, 33, 34, 37, 41, 44, 47, 50, 52, 58, 59
000596, 01, 03, 05, 07, 08, 11, 19, 20, 21, 22, 23, 26, 35, 39, 45, 48, 53, 57, 58, 59
000597, 02, 04, 05, 07, 09, 10, 12, 13, 22, 24, 28, 31, 33, 38, 41, 48, 49, 51, 52, 57
000598, 01, 02, 08, 09, 12, 15, 16, 18, 20, 22, 23, 27, 30, 38, 39, 45, 47, 55, 56, 57
000599, 01, 04, 08, 10, 14, 21, 22, 25, 26, 28, 29, 31, 33, 36, 37, 39, 49, 55, 56, 60
000600, 02, 06, 07, 09, 11, 14, 16, 17, 19, 23, 25, 31, 32, 36, 38, 40, 42, 48, 50, 57
000601, 01, 03, 06, 12, 13, 14, 15, 16, 17, 19, 22, 24, 25, 30, 33, 34, 43, 44, 59, 60
000602, 04, 06, 08, 10, 12, 17, 18, 24, 26, 27, 28, 30, 33, 35, 41, 42, 46, 47, 48, 55
000603, 05, 10, 14, 17, 19, 21, 28, 36, 37, 41, 44, 47, 48, 51, 52, 55, 56, 57, 58, 59
000604, 01, 02, 04, 06, 10, 11, 18, 19, 20, 23, 26, 27, 31, 34, 35, 36, 38, 44, 50, 59
000605, 01, 04, 05, 10, 16, 21, 22, 26, 29, 31, 32, 33, 34, 36, 40, 41, 45, 54, 59, 60
000606, 03, 05, 06, 08, 09, 13, 14, 19, 20, 22, 26, 32, 34, 41, 42, 51, 52, 53, 56, 58
000607, 03, 06, 08, 09, 10, 11, 16, 19, 20, 29, 30, 32, 35, 36, 38, 41, 42, 52, 53, 59
000608, 03, 04, 10, 13, 18, 19, 20, 22, 28, 39, 40, 43, 44, 47, 48, 52, 53, 56, 57, 59
000609, 01, 02, 03, 08, 14, 16, 21, 23, 26, 36, 37, 45, 50, 51, 52, 54, 55, 57, 58, 59
000610, 01, 02, 03, 06, 14, 16, 18, 19, 20, 22, 25, 30, 31, 33, 37, 38, 44, 50, 56, 58
000611, 05, 06, 09, 12, 13, 15, 16, 18, 20, 28, 31, 32, 39, 42, 43, 46, 48, 49, 55, 57
000612, 07, 08, 16, 18, 20, 22, 23, 24, 26, 27, 31, 32, 38, 42, 47, 51, 54, 56, 59, 60
000613, 02, 04, 06, 12, 16, 17, 22, 23, 24, 27, 38, 39, 42, 43, 46, 52, 53, 54, 55, 60
000614, 02, 03, 07, 08, 11, 13, 15, 18, 25, 26, 30, 35, 37, 40, 44, 49, 53, 56, 58, 60
000615, 01, 12, 15, 17, 21, 23, 25, 27, 29, 33, 35, 37, 41, 44, 45, 47, 49, 52, 58, 60
000616, 03, 05, 07, 09, 11, 12, 14, 16, 22, 31, 33, 37, 38, 41, 42, 47, 50, 51, 53, 56
000617, 07, 09, 10, 11, 13, 19, 26, 27, 29, 30, 31, 38, 41, 43, 46, 47, 48, 51, 53, 56
000618, 01, 03, 06, 07, 12, 13, 16, 20, 22, 23, 24, 30, 33, 38, 41, 43, 45, 50, 56, 59
000619, 06, 08, 09, 11, 12, 17, 18, 26, 28, 30, 32, 33, 36, 40, 42, 44, 46, 52, 53, 55
000620, 06, 17, 18, 19, 22, 24, 27, 28, 31, 34, 36, 37, 39, 40, 43, 46, 47, 54, 56, 60
000621, 01, 07, 09, 12, 13, 15, 24, 25, 27, 29, 32, 37, 38, 39, 40, 43, 44, 45, 47, 53
000622, 05, 06, 08, 14, 21, 26, 31, 33, 34, 35, 38, 39, 40, 41, 42, 43, 47, 49, 50, 52
000623, 03, 09, 15, 16, 17, 18, 19, 20, 21, 22, 25, 27, 31, 32, 34, 42, 51, 52, 55, 60
000624, 01, 03, 06, 08, 11, 16, 18, 24, 26, 34, 35, 38, 40, 48, 50, 52, 54, 57, 59, 60
000625, 01, 03, 06, 07, 11, 12, 14, 15, 16, 17, 18, 28, 29, 31, 32, 36, 42, 49, 51, 60
000626, 03, 09, 11, 13, 20, 21, 22, 23, 25, 35, 37, 39, 41, 46, 47, 50, 51, 53, 56, 60
000627, 05, 07, 09, 11, 14, 15, 21, 23, 28, 30, 32, 35, 37, 38, 40, 41, 44, 45, 47, 60
000628, 01, 03, 12, 13, 14, 16, 19, 21, 22, 32, 33, 34, 35, 36, 41, 42, 44, 46, 49, 52
000629, 04, 06, 08, 14, 18, 22, 23, 26, 28, 29, 31, 33, 34, 36, 37, 42, 44, 48, 50, 58
000630, 03, 06, 09, 15, 17, 19, 20, 22, 23, 24, 25, 27, 35, 38, 42, 47, 51, 52, 55, 59
000631, 09, 10, 12, 13, 15, 16, 17, 19, 20, 24, 29, 32, 33, 40, 43, 45, 47, 49, 52, 54
000632, 02, 04, 21, 25, 26, 30, 33, 37, 38, 40, 43, 44, 46, 47, 48, 51, 53, 54, 55, 56
000633, 01, 02, 05, 06, 07, 08, 12, 25, 27, 29, 32, 38, 40, 43, 45, 46, 49, 51, 54, 57
000634, 02, 03, 05, 07, 13, 17, 19, 21, 23, 24, 26, 27, 28, 29, 33, 35, 39, 43, 51, 58
000635, 04, 08, 09, 10, 11, 16, 20, 25, 30, 32, 34, 35, 39, 41, 42, 49, 50, 53, 57, 60
000636, 01, 02, 18, 19, 24, 25, 26, 29, 32, 35, 37, 38, 41, 44, 50, 52, 54, 55, 59, 60
000637, 02, 03, 08, 10, 13, 15, 17, 18, 20, 29, 30, 32, 34, 35, 36, 37, 40, 44, 50, 60
000638, 01, 02, 04, 06, 09, 10, 16, 17, 18, 23, 25, 26, 30, 31, 32, 38, 42, 46, 52, 60
000639, 03, 04, 10, 13, 15, 20, 22, 24, 28, 31, 33, 38, 40, 41, 45, 46, 49, 51, 56, 60
000640, 01, 03, 05, 10, 11, 17, 24, 25, 27, 29, 32, 33, 35, 38, 42, 43, 45, 46, 51, 57
000641, 02, 04, 05, 07, 08, 11, 13, 19, 21, 26, 31, 32, 36, 41, 45, 46, 47, 53, 54, 56
000642, 01, 03, 05, 08, 12, 17, 20, 29, 33, 42, 44, 45, 46, 47, 51, 52, 53, 55, 56, 60
000643, 03, 06, 10, 11, 13, 19, 23, 25, 26, 29, 30, 31, 32, 37, 43, 44, 49, 58, 59, 60
000644, 04, 07, 11, 13, 15, 28, 29, 30, 32, 33, 35, 36, 40, 41, 44, 48, 52, 53, 54, 58
000645, 02, 03, 06, 09, 15, 17, 18, 19, 25, 28, 30, 32, 34, 36, 37, 43, 47, 49, 50, 58
000646, 04, 05, 08, 12, 13, 18, 20, 24, 28, 30, 31, 36, 39, 42, 43, 44, 45, 47, 49, 60
000647, 01, 05, 13, 14, 18, 20, 25, 27, 30, 31, 34, 38, 42, 47, 48, 49, 53, 55, 56, 60
000648, 01, 02, 04, 05, 08, 12, 15, 16, 22, 28, 29, 31, 32, 33, 37, 41, 42, 44, 57, 59
000649, 03, 04, 05, 06, 16, 19, 20, 21, 25, 26, 27, 29, 31, 40, 41, 47, 54, 55, 56, 58
000650, 03, 04, 05, 06, 09, 14, 18, 21, 24, 26, 30, 37, 39, 42, 46, 47, 49, 52, 54, 57
000651, 03, 04, 07, 10, 15, 17, 18, 23, 25, 29, 30, 32, 33, 34, 38, 40, 41, 45, 54, 56
000652, 02, 04, 07, 08, 10, 12, 13, 15, 16, 26, 29, 33, 39, 47, 53, 54, 55, 56, 58, 59
000653, 01, 02, 04, 06, 07, 09, 11, 12, 13, 14, 16, 19, 26, 35, 43, 44, 47, 50, 59, 60
000654, 02, 06, 11, 12, 14, 15, 20, 23, 29, 33, 38, 39, 43, 45, 48, 49, 51, 53, 54, 56
000655, 03, 08, 09, 16, 23, 24, 25, 32, 34, 38, 41, 42, 44, 45, 47, 49, 50, 57, 59, 60
000656, 01, 02, 03, 06, 07, 08, 09, 15, 17, 20, 21, 26, 36, 38, 42, 43, 44, 46, 48, 49
000657, 01, 05, 06, 09, 10, 12, 15, 20, 22, 23, 26, 31, 34, 40, 46, 47, 48, 52, 55, 60
000658, 03, 05, 08, 10, 11, 15, 18, 21, 22, 25, 27, 29, 31, 33, 37, 49, 53, 55, 58, 60
000659, 03, 04, 13, 15, 16, 18, 19, 22, 24, 25, 28, 32, 33, 35, 38, 44, 48, 52, 53, 60
000660, 03, 07, 08, 15, 21, 22, 23, 24, 27, 28, 32, 35, 44, 46, 47, 48, 50, 51, 52, 59
000661, 01, 02, 11, 13, 14, 15, 18, 23, 27, 33, 34, 38, 39, 41, 42, 43, 45, 49, 52, 57
000662, 02, 05, 07, 09, 17, 22, 23, 28, 30, 37, 39, 41, 42, 43, 46, 48, 49, 52, 57, 58
000663, 04, 10, 11, 14, 15, 16, 17, 19, 27, 29, 30, 31, 38, 40, 41, 42, 43, 44, 47, 52
000664, 04, 05, 06, 08, 11, 13, 15, 29, 31, 32, 34, 35, 36, 38, 39, 40, 47, 49, 52, 54
000665, 01, 02, 04, 12, 13, 16, 19, 25, 26, 30, 31, 32, 33, 36, 38, 40, 41, 50, 54, 55
000666, 01, 06, 10, 13, 17, 18, 23, 25, 26, 28, 32, 33, 36, 39, 41, 47, 50, 52, 54, 58
000667, 01, 02, 03, 04, 07, 08, 12, 20, 21, 26, 27, 30, 31, 32, 38, 39, 40, 42, 52, 59
000668, 04, 05, 08, 09, 10, 12, 15, 17, 21, 24, 31, 32, 35, 36, 38, 39, 47, 51, 54, 55
000669, 02, 03, 04, 07, 09, 12, 18, 25, 32, 34, 40, 42, 45, 47, 48, 50, 51, 53, 58, 60
000670, 01, 10, 11, 13, 18, 19, 21, 22, 27, 29, 30, 33, 35, 39, 47, 50, 52, 54, 59, 60
000671, 03, 05, 08, 09, 11, 16, 18, 19, 20, 25, 26, 28, 29, 31, 36, 39, 43, 55, 58, 59
000672, 02, 03, 05, 10, 14, 16, 20, 22, 25, 27, 35, 42, 44, 47, 48, 53, 54, 55, 56, 58
000673, 04, 06, 09, 10, 11, 12, 14, 17, 20, 24, 25, 31, 36, 37, 46, 51, 52, 53, 55, 57
000674, 02, 14, 15, 17, 18, 19, 23, 30, 31, 36, 38, 45, 50, 51, 52, 53, 54, 55, 56, 60
000675, 01, 03, 06, 13, 15, 17, 19, 24, 25, 27, 31, 37, 45, 46, 48, 54, 56, 57, 58, 59
000676, 02, 05, 08, 11, 12, 18, 20, 21, 22, 23, 24, 28, 31, 35, 36, 39, 42, 44, 45, 49
000677, 03, 04, 10, 11, 12, 15, 17, 22, 23, 24, 25, 26, 28, 31, 34, 43, 53, 57, 59, 60
000678, 05, 07, 11, 17, 18, 19, 21, 24, 26, 34, 39, 44, 45, 47, 49, 50, 51, 52, 58, 60
000679, 01, 05, 14, 17, 20, 26, 28, 32, 35, 36, 37, 44, 46, 47, 48, 49, 54, 55, 57, 60
000680, 01, 04, 09, 13, 15, 18, 19, 24, 27, 28, 30, 31, 35, 45, 48, 49, 50, 52, 53, 59
000681, 02, 03, 04, 05, 09, 11, 15, 17, 18, 20, 26, 27, 30, 32, 33, 34, 45, 49, 59, 60
000682, 02, 04, 06, 08, 11, 13, 16, 17, 18, 19, 23, 24, 40, 42, 44, 46, 47, 50, 53, 59
000683, 06, 07, 09, 10, 15, 16, 17, 18, 22, 27, 28, 31, 34, 38, 40, 42, 46, 50, 55, 58
000684, 03, 05, 08, 12, 13, 16, 17, 18, 21, 30, 32, 33, 34, 35, 44, 49, 55, 56, 57, 59
000685, 01, 02, 06, 09, 14, 21, 23, 31, 32, 35, 37, 38, 39, 42, 45, 48, 49, 50, 51, 60
000686, 02, 06, 10, 11, 20, 27, 28, 30, 31, 32, 34, 37, 38, 45, 47, 48, 50, 51, 54, 59
000687, 01, 04, 05, 09, 14, 16, 19, 21, 22, 28, 29, 32, 34, 41, 42, 43, 45, 46, 54, 59
000688, 01, 05, 09, 11, 13, 14, 15, 22, 23, 25, 26, 28, 32, 35, 41, 43, 44, 52, 53, 57
000689, 02, 05, 08, 13, 19, 24, 25, 28, 30, 33, 35, 37, 38, 40, 41, 44, 47, 49, 52, 54
000690, 01, 03, 06, 11, 12, 14, 18, 20, 22, 28, 35, 37, 38, 40, 41, 43, 44, 47, 51, 59
000691, 05, 07, 09, 12, 13, 18, 21, 33, 34, 37, 38, 39, 46, 48, 51, 53, 54, 56, 58, 59
000692, 01, 04, 10, 15, 19, 22, 24, 25, 26, 32, 40, 41, 44, 45, 46, 48, 49, 50, 53, 60
000693, 01, 02, 07, 08, 10, 13, 14, 15, 16, 17, 20, 31, 32, 41, 42, 47, 55, 57, 58, 59
000694, 02, 04, 08, 11, 12, 13, 14, 17, 23, 24, 25, 34, 35, 36, 37, 38, 40, 42, 43, 59
000695, 04, 07, 09, 10, 12, 13, 14, 17, 19, 20, 28, 29, 32, 33, 34, 47, 50, 51, 53, 57
000696, 01, 02, 12, 15, 21, 23, 27, 28, 29, 35, 39, 41, 43, 45, 46, 47, 49, 51, 57, 59
000697, 02, 03, 09, 14, 15, 24, 25, 26, 28, 31, 32, 37, 41, 42, 44, 48, 49, 51, 57, 60
000698, 02, 06, 08, 16, 17, 19, 28, 29, 34, 37, 38, 40, 43, 47, 48, 49, 50, 53, 56, 60
000699, 06, 12, 16, 18, 20, 21, 24, 25, 35, 42, 47, 48, 49, 51, 53, 54, 55, 56, 57, 58
000700, 08, 14, 15, 19, 20, 21, 23, 27, 28, 31, 32, 33, 34, 43, 44, 46, 47, 50, 52, 60
000701, 03, 05, 09, 10, 11, 14, 18, 24, 25, 27, 28, 32, 33, 35, 45, 47, 48, 51, 54, 59
000702, 05, 07, 08, 12, 15, 18, 19, 21, 25, 26, 32, 37, 38, 39, 41, 46, 47, 51, 54, 55
000703, 05, 08, 13, 14, 15, 19, 24, 30, 32, 36, 37, 38, 42, 45, 50, 53, 56, 58, 59, 60
000704, 02, 05, 06, 07, 08, 09, 15, 17, 18, 23, 26, 30, 32, 33, 40, 41, 44, 52, 53, 59
000705, 06, 12, 15, 16, 20, 25, 26, 27, 29, 31, 34, 35, 39, 41, 43, 44, 48, 50, 51, 55
000706, 01, 05, 06, 07, 08, 09, 10, 20, 26, 27, 34, 35, 36, 41, 43, 48, 52, 53, 54, 57
000707, 01, 05, 06, 09, 11, 13, 14, 23, 25, 28, 29, 35, 37, 44, 49, 50, 54, 55, 56, 57
000708, 01, 02, 09, 15, 18, 21, 22, 23, 24, 33, 34, 35, 37, 41, 43, 46, 51, 53, 58, 59
000709, 01, 04, 07, 10, 16, 18, 24, 29, 31, 32, 38, 44, 49, 52, 54, 55, 56, 57, 58, 60
000710, 04, 06, 09, 11, 12, 13, 14, 16, 18, 20, 21, 24, 25, 32, 33, 34, 37, 42, 56, 58
000711, 05, 10, 12, 14, 15, 20, 22, 24, 28, 34, 36, 39, 40, 44, 47, 48, 50, 52, 55, 56
000712, 01, 03, 06, 09, 11, 13, 20, 22, 23, 24, 27, 34, 39, 45, 49, 52, 54, 57, 58, 59
000713, 03, 05, 06, 09, 10, 15, 16, 21, 25, 29, 30, 34, 35, 37, 43, 46, 48, 49, 52, 57
000714, 01, 03, 04, 06, 08, 09, 11, 17, 18, 21, 23, 28, 30, 33, 35, 37, 44, 47, 48, 56
000715, 06, 08, 12, 15, 16, 20, 23, 26, 27, 30, 31, 33, 34, 36, 38, 40, 47, 49, 50, 57
000716, 01, 05, 07, 08, 12, 14, 18, 21, 24, 25, 31, 33, 35, 36, 38, 42, 43, 44, 50, 57
000717, 02, 03, 12, 13, 18, 19, 20, 25, 26, 29, 34, 38, 39, 41, 44, 53, 54, 55, 57, 58
000718, 01, 02, 04, 05, 07, 13, 14, 17, 19, 21, 31, 36, 37, 39, 41, 43, 44, 47, 49, 55
000719, 04, 05, 06, 08, 14, 15, 16, 19, 20, 25, 26, 33, 34, 35, 38, 43, 46, 47, 49, 54
000720, 01, 11, 14, 15, 17, 19, 23, 26, 32, 34, 35, 37, 44, 45, 46, 47, 49, 55, 58, 60
000721, 05, 06, 11, 12, 13, 15, 18, 22, 28, 31, 34, 37, 39, 40, 51, 53, 54, 55, 58, 60
000722, 01, 02, 03, 04, 09, 14, 22, 28, 29, 32, 34, 35, 36, 37, 38, 41, 47, 48, 50, 53
000723, 03, 04, 10, 14, 16, 17, 22, 23, 26, 28, 31, 36, 42, 43, 44, 48, 52, 56, 57, 60
000724, 01, 03, 05, 07, 08, 12, 17, 20, 21, 22, 26, 28, 30, 34, 43, 44, 47, 53, 54, 58
000725, 03, 04, 11, 15, 17, 18, 20, 22, 23, 25, 26, 30, 31, 32, 35, 42, 43, 44, 48, 60
000726, 03, 04, 07, 08, 09, 13, 18, 19, 28, 30, 31, 34, 35, 37, 40, 42, 47, 48, 52, 55
000727, 01, 05, 06, 07, 09, 11, 12, 14, 15, 18, 20, 28, 38, 41, 45, 49, 50, 52, 55, 58
000728, 04, 07, 09, 12, 14, 17, 22, 23, 24, 25, 26, 31, 34, 39, 41, 42, 49, 54, 56, 57
000729, 04, 05, 07, 08, 13, 16, 19, 20, 24, 26, 30, 31, 37, 45, 46, 48, 50, 53, 58, 60
000730, 03, 04, 07, 09, 10, 12, 13, 16, 18, 26, 28, 30, 31, 32, 33, 34, 36, 39, 41, 49
000731, 01, 02, 03, 05, 07, 09, 12, 16, 23, 27, 29, 30, 31, 43, 45, 46, 50, 53, 57, 59
000732, 02, 04, 08, 10, 12, 14, 17, 18, 26, 35, 36, 38, 42, 45, 50, 51, 52, 56, 57, 58
000733, 02, 03, 05, 06, 11, 12, 13, 15, 20, 27, 28, 30, 31, 38, 41, 42, 45, 47, 50, 56
000734, 01, 02, 05, 10, 12, 13, 14, 15, 17, 22, 26, 30, 32, 34, 36, 37, 38, 39, 46, 49
000735, 03, 05, 06, 08, 10, 11, 15, 22, 23, 25, 26, 32, 33, 35, 36, 39, 43, 47, 53, 58
000736, 01, 04, 05, 06, 07, 08, 14, 15, 26, 29, 30, 31, 37, 40, 47, 48, 51, 53, 54, 58
000737, 01, 09, 15, 16, 20, 22, 26, 31, 33, 34, 38, 40, 42, 45, 46, 47, 49, 50, 52, 53
000738, 06, 07, 08, 09, 11, 15, 16, 20, 25, 28, 30, 38, 41, 43, 44, 46, 49, 52, 56, 60
000739, 01, 05, 08, 10, 17, 21, 25, 34, 36, 39, 40, 43, 45, 46, 47, 49, 51, 53, 54, 55
000740, 05, 06, 07, 13, 16, 17, 19, 28, 29, 31, 34, 39, 44, 45, 47, 48, 51, 55, 56, 58
000741, 04, 08, 09, 15, 25, 26, 33, 34, 36, 37, 38, 40, 41, 47, 50, 52, 53, 55, 57, 59
000742, 06, 09, 10, 14, 16, 19, 24, 26, 27, 29, 31, 35, 38, 42, 44, 45, 47, 50, 54, 60
000743, 03, 08, 09, 13, 14, 15, 16, 17, 21, 23, 29, 30, 37, 43, 44, 46, 47, 51, 56, 57
000744, 05, 06, 07, 10, 16, 18, 21, 22, 25, 27, 29, 30, 32, 35, 38, 43, 48, 49, 52, 54
000745, 04, 06, 07, 08, 16, 17, 18, 20, 22, 30, 31, 36, 37, 38, 39, 40, 43, 45, 53, 60
000746, 03, 04, 06, 07, 15, 23, 24, 26, 28, 32, 34, 36, 39, 40, 42, 43, 44, 45, 47, 52
000747, 03, 06, 07, 08, 14, 20, 24, 30, 31, 32, 36, 40, 41, 48, 51, 52, 55, 56, 57, 60
000748, 02, 03, 07, 08, 13, 14, 15, 19, 20, 24, 31, 36, 37, 38, 39, 43, 49, 53, 56, 59
000749, 03, 06, 07, 11, 14, 16, 17, 18, 19, 21, 28, 30, 35, 40, 47, 48, 49, 53, 54, 59
000750, 01, 02, 04, 08, 09, 12, 13, 17, 18, 21, 23, 25, 30, 34, 37, 41, 46, 52, 55, 57
000751, 06, 07, 19, 20, 23, 25, 28, 30, 31, 33, 35, 38, 45, 46, 47, 48, 49, 53, 55, 57
000752, 04, 08, 09, 12, 16, 20, 26, 28, 30, 31, 34, 35, 36, 42, 44, 46, 48, 54, 55, 60
000753, 01, 03, 05, 08, 10, 15, 17, 22, 25, 33, 38, 40, 43, 47, 49, 50, 51, 52, 54, 60
000754, 04, 12, 22, 23, 25, 27, 28, 29, 31, 33, 35, 40, 42, 43, 51, 52, 53, 56, 57, 59
000755, 01, 02, 04, 05, 06, 11, 13, 20, 23, 27, 32, 33, 36, 45, 47, 51, 53, 56, 59, 60
000756, 03, 05, 07, 10, 13, 14, 15, 21, 25, 26, 27, 37, 39, 41, 44, 48, 52, 53, 54, 56
000757, 02, 03, 06, 08, 10, 11, 18, 21, 23, 27, 29, 31, 37, 39, 43, 45, 48, 53, 54, 59
000758, 01, 03, 04, 06, 13, 14, 17, 23, 29, 32, 33, 40, 41, 45, 47, 48, 51, 53, 54, 60
000759, 01, 04, 08, 14, 18, 23, 33, 35, 37, 38, 42, 44, 45, 46, 47, 48, 49, 52, 54, 55
000760, 05, 06, 15, 18, 22, 24, 26, 30, 31, 33, 34, 35, 40, 41, 48, 51, 53, 54, 59, 60
000761, 02, 04, 05, 10, 14, 17, 19, 20, 21, 26, 28, 29, 31, 34, 36, 39, 44, 47, 56, 59
000762, 02, 03, 06, 07, 11, 21, 23, 24, 26, 27, 28, 35, 37, 42, 43, 48, 49, 54, 55, 58
000763, 01, 02, 05, 06, 08, 11, 12, 16, 17, 22, 23, 26, 30, 34, 37, 49, 50, 51, 57, 58
000764, 06, 07, 08, 09, 13, 14, 16, 19, 21, 29, 31, 32, 33, 46, 50, 52, 55, 56, 57, 60
000765, 03, 04, 06, 07, 11, 12, 13, 14, 26, 31, 35, 36, 42, 44, 45, 49, 53, 55, 57, 58
000766, 01, 06, 10, 12, 17, 19, 21, 24, 25, 33, 34, 36, 39, 42, 44, 45, 46, 50, 51, 52
000767, 02, 03, 04, 07, 10, 12, 18, 20, 21, 22, 25, 29, 30, 34, 38, 46, 49, 56, 57, 59
000768, 02, 03, 04, 05, 10, 14, 18, 25, 30, 32, 34, 35, 38, 41, 42, 45, 48, 49, 52, 53
000769, 01, 02, 03, 07, 11, 13, 17, 20, 24, 31, 32, 34, 41, 42, 45, 50, 51, 53, 59, 60
000770, 03, 04, 06, 12, 13, 20, 22, 23, 25, 26, 29, 32, 38, 43, 49, 50, 51, 54, 55, 59
000771, 01, 02, 06, 07, 08, 09, 10, 12, 17, 18, 25, 34, 36, 44, 45, 46, 51, 52, 54, 58
000772, 03, 05, 06, 12, 15, 28, 29, 30, 35, 38, 39, 40, 41, 42, 46, 49, 54, 55, 56, 57
000773, 02, 03, 04, 07, 12, 17, 20, 22, 23, 30, 31, 33, 35, 36, 37, 46, 47, 52, 57, 60
000774, 06, 08, 09, 12, 13, 14, 16, 21, 24, 25, 27, 31, 32, 36, 41, 52, 53, 55, 58, 60
000775, 03, 05, 11, 12, 16, 19, 21, 22, 25, 27, 28, 31, 32, 33, 35, 45, 47, 57, 58, 59
000776, 02, 03, 07, 08, 09, 11, 15, 20, 32, 33, 38, 39, 41, 43, 45, 46, 48, 52, 54, 56
000777, 01, 02, 03, 11, 12, 13, 15, 17, 20, 21, 22, 26, 32, 37, 38, 41, 51, 55, 56, 59
000778, 03, 08, 10, 15, 18, 23, 25, 26, 28, 35, 37, 38, 43, 45, 46, 50, 54, 55, 58, 59
000779, 04, 07, 08, 12, 16, 24, 25, 28, 30, 31, 32, 33, 34, 38, 40, 42, 44, 47, 51, 52
000780, 06, 08, 10, 15, 16, 18, 24, 26, 28, 34, 35, 38, 42, 43, 45, 49, 50, 58, 59, 60
000781, 02, 08, 10, 15, 17, 18, 29, 31, 35, 36, 37, 40, 41, 44, 47, 52, 53, 55, 59, 60
000782, 05, 06, 09, 11, 12, 13, 17, 18, 21, 22, 27, 28, 31, 36, 38, 46, 47, 53, 55, 57
000783, 03, 07, 08, 09, 11, 12, 13, 21, 24, 26, 28, 38, 39, 41, 42, 45, 47, 51, 53, 55
000784, 05, 09, 12, 13, 14, 15, 18, 22, 29, 32, 34, 37, 41, 42, 45, 51, 56, 57, 58, 59
000785, 02, 04, 07, 09, 11, 14, 22, 24, 25, 27, 31, 32, 33, 34, 40, 42, 45, 49, 53, 57
000786, 04, 06, 07, 08, 14, 16, 17, 18, 22, 24, 27, 28, 31, 36, 41, 43, 44, 45, 48, 56
000787, 02, 03, 06, 14, 15, 20, 27, 31, 34, 40, 41, 44, 45, 46, 54, 55, 56, 57, 58, 60
000788, 02, 04, 05, 06, 07, 09, 12, 15, 20, 21, 27, 28, 34, 35, 40, 42, 54, 56, 58, 59
000789, 01, 02, 05, 15, 19, 23, 28, 30, 31, 32, 33, 34, 39, 40, 44, 47, 50, 51, 52, 59
000790, 04, 08, 13, 16, 18, 22, 25, 26, 28, 33, 36, 39, 43, 45, 48, 51, 52, 53, 54, 60
000791, 01, 04, 08, 10, 16, 21, 23, 25, 29, 33, 36, 37, 43, 48, 49, 50, 54, 55, 56, 59
000792, 05, 08, 10, 13, 14, 20, 31, 32, 33, 35, 39, 42, 43, 46, 47, 48, 55, 58, 59, 60
000793, 02, 05, 09, 11, 12, 15, 17, 22, 28, 30, 33, 35, 36, 40, 43, 45, 48, 50, 57, 60
000794, 08, 09, 14, 16, 18, 20, 21, 26, 29, 30, 31, 32, 33, 36, 40, 42, 44, 49, 51, 57
000795, 09, 12, 17, 19, 20, 22, 25, 27, 28, 29, 34, 37, 39, 41, 45, 47, 48, 53, 57, 59
000796, 01, 06, 09, 12, 13, 16, 20, 21, 24, 36, 38, 40, 41, 45, 46, 48, 51, 56, 58, 60
000797, 06, 08, 12, 15, 16, 18, 25, 27, 35, 38, 41, 42, 43, 44, 48, 52, 54, 55, 58, 59
000798, 01, 03, 04, 05, 08, 10, 11, 13, 16, 21, 22, 25, 27, 29, 36, 41, 49, 52, 54, 57
000799, 01, 04, 08, 10, 11, 14, 15, 21, 24, 30, 32, 35, 39, 40, 42, 43, 44, 50, 54, 57
000800, 04, 05, 06, 08, 13, 14, 20, 21, 22, 24, 26, 28, 31, 36, 42, 43, 50, 52, 55, 59
000801, 10, 15, 16, 18, 19, 20, 23, 24, 30, 35, 36, 37, 40, 43, 47, 53, 54, 55, 56, 57
000802, 03, 04, 06, 10, 13, 14, 20, 22, 24, 26, 29, 32, 33, 41, 48, 49, 50, 52, 57, 58
000803, 08, 11, 13, 17, 21, 23, 26, 30, 33, 34, 35, 40, 41, 44, 46, 51, 53, 54, 58, 59
000804, 01, 03, 05, 07, 08, 10, 11, 15, 23, 27, 34, 35, 36, 37, 42, 44, 45, 47, 48, 54
000805, 05, 06, 07, 09, 16, 20, 23, 24, 25, 26, 28, 30, 31, 34, 38, 41, 48, 54, 57, 60
000806, 01, 07, 09, 10, 11, 18, 20, 22, 25, 30, 32, 33, 35, 37, 39, 55, 57, 58, 59, 60
000807, 03, 12, 15, 20, 21, 25, 26, 27, 34, 35, 37, 38, 41, 44, 45, 49, 51, 53, 57, 60
000808, 01, 04, 07, 10, 12, 13, 14, 15, 32, 36, 37, 44, 45, 46, 48, 53, 54, 58, 59, 60
000809, 02, 03, 07, 08, 14, 20, 22, 23, 24, 26, 30, 35, 39, 41, 42, 45, 46, 53, 56, 60
000810, 01, 02, 03, 04, 09, 13, 16, 17, 18, 24, 28, 39, 40, 41, 45, 50, 55, 57, 58, 60
000811, 02, 04, 05, 08, 09, 12, 18, 23, 24, 27, 32, 33, 35, 40, 41, 43, 47, 50, 52, 54
000812, 03, 04, 05, 09, 11, 14, 19, 21, 24, 29, 31, 39, 42, 48, 49, 50, 51, 54, 58, 60
000813, 04, 05, 09, 13, 16, 18, 21, 24, 25, 26, 32, 37, 39, 42, 44, 45, 46, 53, 56, 57
000814, 05, 06, 08, 11, 13, 15, 17, 21, 22, 24, 31, 32, 33, 37, 39, 41, 42, 53, 57, 60
000815, 03, 04, 05, 06, 08, 19, 21, 25, 27, 28, 32, 33, 34, 35, 40, 42, 43, 49, 53, 55
000816, 03, 04, 08, 12, 13, 18, 24, 27, 28, 29, 31, 33, 38, 40, 45, 49, 52, 57, 58, 60
000817, 02, 08, 10, 11, 13, 17, 24, 28, 29, 34, 36, 37, 38, 41, 46, 51, 53, 54, 56, 59
000818, 01, 02, 08, 13, 15, 16, 17, 23, 24, 25, 27, 29, 32, 36, 41, 42, 44, 49, 50, 60
000819, 01, 02, 03, 06, 13, 17, 21, 24, 32, 35, 39, 40, 43, 46, 47, 49, 52, 53, 56, 60
000820, 06, 09, 13, 14, 19, 20, 22, 23, 25, 30, 38, 42, 45, 46, 49, 50, 52, 53, 56, 58
000821, 04, 09, 13, 16, 20, 24, 25, 27, 30, 31, 32, 33, 37, 39, 42, 44, 46, 47, 55, 60
000822, 01, 02, 09, 10, 12, 17, 19, 20, 23, 25, 26, 39, 45, 46, 47, 49, 53, 55, 56, 58
000823, 16, 23, 25, 28, 29, 31, 32, 36, 37, 40, 41, 44, 45, 46, 47, 50, 51, 55, 58, 60
000824, 03, 04, 09, 11, 16, 17, 19, 22, 28, 30, 32, 42, 44, 45, 46, 47, 48, 49, 52, 59
000825, 02, 09, 10, 11, 12, 13, 17, 19, 30, 34, 40, 42, 43, 47, 49, 51, 53, 54, 56, 59
000826, 02, 04, 05, 09, 14, 15, 18, 19, 20, 22, 24, 27, 29, 32, 40, 50, 51, 52, 56, 58
000827, 06, 07, 13, 14, 15, 22, 25, 26, 27, 30, 31, 33, 39, 41, 46, 49, 50, 52, 54, 60
000828, 04, 06, 09, 10, 17, 24, 28, 30, 33, 34, 36, 38, 40, 45, 48, 49, 51, 55, 56, 60
000829, 01, 02, 04, 06, 07, 12, 13, 25, 27, 28, 29, 35, 37, 38, 41, 42, 47, 50, 53, 56
000830, 03, 07, 11, 13, 18, 19, 22, 23, 24, 29, 31, 35, 39, 41, 44, 45, 47, 52, 54, 60
000831, 01, 06, 11, 18, 22, 26, 27, 32, 33, 34, 36, 38, 42, 43, 45, 46, 47, 52, 54, 59
000832, 03, 04, 06, 07, 10, 11, 12, 15, 18, 22, 27, 37, 40, 42, 45, 47, 52, 56, 57, 59
000833, 04, 06, 09, 12, 21, 26, 28, 30, 34, 38, 42, 44, 46, 47, 48, 49, 54, 57, 58, 59
000834, 02, 04, 06, 12, 13, 14, 15, 23, 24, 25, 27, 31, 33, 41, 47, 49, 52, 53, 54, 59
000835, 02, 06, 07, 08, 09, 10, 18, 23, 24, 26, 31, 38, 39, 42, 44, 48, 50, 54, 58, 59
000836, 02, 03, 06, 08, 12, 13, 15, 17, 18, 21, 23, 29, 30, 39, 42, 47, 55, 56, 58, 59
000837, 06, 08, 09, 13, 14, 17, 18, 20, 21, 27, 31, 32, 33, 34, 40, 46, 56, 57, 59, 60
000838, 02, 08, 09, 10, 19, 22, 25, 30, 32, 34, 36, 37, 38, 40, 41, 45, 47, 49, 51, 56
000839, 03, 04, 06, 07, 11, 14, 15, 16, 20, 23, 25, 26, 27, 29, 36, 37, 45, 51, 54, 59
000840, 01, 05, 09, 15, 19, 22, 25, 28, 31, 32, 36, 37, 39, 41, 42, 44, 45, 49, 51, 60
000841, 04, 06, 07, 08, 13, 17, 22, 24, 27, 28, 29, 37, 39, 45, 46, 51, 52, 53, 55, 59
000842, 01, 03, 19, 21, 22, 25, 28, 29, 32, 34, 37, 38, 39, 43, 46, 52, 54, 55, 56, 58
000843, 01, 03, 15, 19, 23, 25, 26, 27, 29, 30, 34, 38, 41, 46, 47, 49, 51, 53, 58, 60
000844, 01, 03, 05, 07, 10, 13, 14, 18, 20, 24, 28, 29, 35, 44, 45, 46, 49, 54, 55, 60
000845, 01, 02, 09, 11, 13, 14, 16, 17, 18, 19, 20, 22, 27, 28, 32, 45, 47, 51, 54, 57
000846, 02, 07, 12, 17, 20, 23, 25, 28, 33, 36, 37, 38, 40, 44, 45, 47, 48, 52, 58, 59
000847, 03, 04, 07, 08, 13, 14, 16, 18, 19, 20, 23, 24, 28, 38, 39, 43, 46, 47, 48, 54
000848, 06, 12, 13, 18, 22, 24, 25, 29, 32, 37, 38, 40, 41, 42, 47, 48, 49, 50, 52, 56
000849, 04, 07, 08, 10, 13, 17, 18, 20, 29, 32, 33, 38, 39, 40, 42, 43, 46, 47, 52, 53
000850, 02, 03, 05, 06, 08, 09, 13, 15, 16, 17, 18, 24, 25, 29, 31, 40, 43, 48, 54, 58
000851, 05, 12, 13, 14, 16, 21, 22, 31, 34, 35, 36, 37, 38, 39, 42, 43, 47, 48, 52, 57
000852, 01, 02, 04, 07, 08, 12, 16, 19, 20, 21, 22, 24, 27, 28, 31, 43, 46, 48, 54, 59
000853, 03, 11, 14, 15, 17, 23, 24, 26, 30, 31, 34, 35, 38, 40, 42, 48, 49, 53, 54, 60
000854, 10, 13, 18, 25, 27, 28, 29, 32, 34, 35, 44, 46, 48, 51, 54, 55, 56, 57, 58, 59
000855, 11, 12, 14, 23, 24, 28, 30, 31, 34, 40, 41, 43, 45, 46, 47, 51, 54, 55, 56, 59
000856, 02, 06, 07, 12, 13, 15, 17, 18, 23, 25, 28, 34, 38, 39, 44, 48, 55, 56, 59, 60
000857, 02, 12, 13, 20, 23, 25, 28, 31, 32, 34, 39, 40, 44, 48, 49, 50, 51, 54, 55, 57
000858, 13, 15, 16, 17, 18, 23, 24, 27, 33, 34, 35, 39, 41, 46, 50, 51, 53, 55, 56, 59
000859, 02, 06, 07, 08, 15, 17, 19, 21, 24, 32, 38, 39, 41, 42, 48, 50, 51, 52, 57, 60
000860, 09, 12, 13, 14, 15, 18, 24, 27, 29, 30, 35, 37, 38, 41, 43, 44, 52, 56, 59, 60
000861, 01, 04, 06, 08, 11, 13, 24, 26, 30, 31, 32, 37, 39, 41, 42, 45, 46, 48, 56, 59
000862, 01, 05, 06, 07, 08, 11, 12, 15, 21, 24, 32, 34, 35, 40, 41, 43, 45, 48, 51, 54
000863, 02, 03, 05, 11, 19, 21, 22, 23, 25, 26, 29, 35, 38, 40, 43, 47, 48, 51, 58, 60
000864, 06, 07, 08, 15, 17, 19, 21, 23, 27, 28, 30, 41, 45, 46, 48, 49, 55, 56, 58, 60
000865, 01, 04, 08, 09, 14, 15, 21, 23, 26, 27, 28, 29, 32, 33, 36, 38, 44, 45, 48, 57
000866, 01, 05, 07, 08, 09, 13, 18, 19, 25, 27, 29, 33, 35, 39, 49, 54, 55, 56, 58, 59
000867, 04, 12, 16, 18, 20, 24, 26, 28, 32, 34, 35, 38, 39, 41, 45, 49, 50, 51, 57, 60
000868, 06, 08, 17, 21, 22, 23, 28, 29, 30, 33, 35, 40, 42, 43, 46, 51, 52, 53, 56, 57
000869, 04, 07, 11, 12, 13, 15, 18, 19, 21, 24, 29, 31, 39, 44, 47, 49, 50, 52, 54, 57
000870, 02, 04, 05, 06, 11, 15, 20, 21, 24, 25, 27, 28, 32, 35, 37, 39, 42, 50, 53, 54
000871, 02, 03, 09, 14, 21, 22, 24, 25, 26, 30, 31, 33, 35, 45, 46, 49, 51, 56, 58, 60
000872, 07, 08, 09, 13, 14, 16, 18, 20, 22, 24, 25, 32, 34, 36, 42, 46, 49, 53, 55, 58
000873, 05, 08, 10, 11, 14, 20, 22, 23, 25, 30, 32, 33, 34, 36, 38, 40, 48, 52, 53, 54
000874, 02, 09, 12, 14, 15, 16, 20, 22, 23, 24, 25, 27, 29, 30, 32, 37, 43, 55, 57, 59
000875, 05, 06, 11, 13, 16, 17, 19, 23, 26, 27, 29, 33, 38, 39, 42, 44, 45, 49, 50, 54
000876, 05, 06, 17, 22, 23, 26, 28, 30, 31, 33, 34, 36, 37, 38, 41, 45, 50, 54, 55, 60
000877, 02, 04, 07, 09, 11, 15, 20, 22, 24, 26, 27, 29, 34, 37, 44, 49, 51, 52, 54, 56
000878, 01, 08, 10, 11, 12, 15, 20, 21, 22, 23, 25, 26, 27, 35, 36, 37, 47, 52, 57, 59
000879, 01, 02, 03, 06, 07, 10, 12, 13, 16, 17, 20, 29, 34, 37, 40, 44, 49, 51, 53, 54
000880, 07, 09, 13, 21, 22, 26, 28, 30, 37, 38, 42, 43, 48, 51, 54, 55, 56, 58, 59, 60
000881, 04, 05, 09, 12, 17, 25, 26, 29, 30, 31, 33, 35, 40, 45, 46, 48, 51, 53, 57, 58
000882, 01, 04, 08, 10, 11, 13, 16, 20, 21, 26, 33, 41, 42, 43, 45, 47, 48, 50, 53, 56
000883, 03, 17, 18, 20, 21, 24, 29, 30, 33, 34, 35, 40, 46, 47, 49, 53, 55, 56, 57, 58
000884, 06, 10, 12, 15, 16, 17, 20, 21, 23, 24, 31, 33, 38, 40, 48, 50, 52, 55, 57, 59
000885, 01, 02, 11, 13, 16, 21, 22, 29, 30, 33, 36, 37, 40, 43, 44, 49, 50, 58, 59, 60
000886, 01, 02, 03, 06, 11, 14, 17, 19, 22, 24, 31, 37, 43, 47, 49, 53, 57, 58, 59, 60
000887, 04, 06, 12, 19, 26, 28, 39, 40, 41, 42, 45, 46, 48, 51, 52, 55, 57, 58, 59, 60
000888, 01, 03, 04, 06, 13, 16, 17, 19, 20, 25, 26, 28, 30, 31, 33, 37, 39, 43, 45, 57
000889, 01, 07, 08, 09, 12, 15, 20, 21, 32, 35, 38, 41, 43, 46, 47, 50, 53, 55, 56, 57
000890, 01, 03, 05, 07, 13, 20, 21, 22, 24, 26, 27, 28, 30, 39, 41, 48, 50, 51, 56, 57
000891, 04, 05, 06, 10, 14, 15, 17, 20, 21, 25, 28, 29, 36, 39, 42, 45, 51, 56, 57, 60
000892, 02, 08, 11, 16, 19, 23, 24, 27, 32, 33, 36, 39, 41, 42, 43, 44, 48, 57, 59, 60
000893, 04, 06, 07, 14, 20, 21, 22, 26, 27, 30, 32, 37, 41, 44, 45, 51, 53, 55, 57, 58
000894, 05, 06, 15, 20, 25, 28, 31, 34, 36, 38, 39, 40, 42, 44, 51, 52, 53, 57, 58, 59
000895, 01, 02, 06, 08, 13, 15, 18, 19, 28, 29, 34, 36, 38, 42, 46, 50, 51, 52, 54, 57
000896, 01, 03, 07, 09, 11, 12, 19, 21, 22, 29, 31, 33, 39, 41, 43, 45, 48, 52, 53, 55
000897, 03, 06, 07, 10, 11, 15, 18, 24, 25, 26, 35, 39, 40, 42, 47, 48, 50, 55, 57, 58
000898, 09, 10, 15, 16, 19, 21, 22, 28, 32, 34, 37, 39, 44, 46, 48, 51, 53, 54, 55, 58
000899, 01, 04, 05, 06, 08, 10, 12, 19, 26, 31, 33, 34, 35, 36, 37, 39, 43, 45, 56, 57
000900, 02, 08, 10, 11, 12, 14, 18, 19, 25, 26, 29, 30, 36, 38, 42, 48, 54, 57, 58, 59
000901, 05, 13, 15, 17, 22, 25, 26, 29, 31, 32, 33, 34, 38, 43, 46, 47, 52, 55, 58, 59
000902, 01, 02, 07, 09, 10, 13, 14, 15, 19, 21, 23, 28, 32, 37, 40, 50, 51, 52, 56, 60
000903, 01, 04, 08, 12, 13, 15, 18, 19, 22, 26, 32, 40, 44, 45, 48, 49, 51, 52, 54, 55
000904, 03, 05, 07, 08, 11, 12, 15, 19, 28, 29, 32, 33, 34, 36, 42, 49, 52, 55, 58, 59
000905, 01, 04, 05, 06, 07, 11, 14, 15, 17, 18, 20, 22, 24, 31, 36, 42, 45, 47, 52, 57
000906, 01, 03, 04, 11, 16, 26, 27, 35, 37, 40, 41, 43, 44, 51, 52, 53, 54, 56, 59, 60
000907, 03, 06, 09, 15, 17, 19, 20, 25, 32, 35, 40, 41, 42, 43, 45, 48, 50, 54, 58, 59
000908, 01, 04, 12, 13, 18, 19, 24, 26, 27, 32, 33, 34, 36, 41, 43, 44, 47, 54, 58, 60
000909, 01, 03, 05, 12, 16, 19, 20, 22, 23, 25, 35, 36, 41, 47, 50, 54, 56, 57, 58, 60
000910, 01, 02, 04, 05, 11, 12, 13, 15, 17, 18, 22, 28, 31, 39, 41, 42, 45, 46, 47, 58
000911, 06, 07, 08, 09, 14, 15, 23, 29, 30, 32, 33, 34, 39, 42, 52, 55, 57, 58, 59, 60
000912, 03, 07, 09, 10, 12, 17, 20, 21, 22, 23, 29, 33, 34, 43, 49, 50, 53, 54, 57, 59
000913, 03, 09, 13, 14, 15, 17, 19, 23, 28, 32, 33, 36, 39, 41, 50, 51, 52, 53, 57, 60
000914, 07, 09, 10, 11, 14, 15, 19, 21, 22, 23, 27, 31, 32, 34, 37, 38, 43, 46, 49, 50
000915, 02, 10, 11, 13, 14, 15, 16, 18, 21, 23, 24, 26, 30, 35, 36, 37, 44, 47, 58, 59
000916, 01, 03, 05, 06, 11, 15, 20, 24, 25, 31, 32, 36, 40, 43, 44, 46, 51, 54, 58, 60
000917, 12, 14, 16, 23, 24, 25, 26, 28, 34, 37, 38, 42, 43, 45, 46, 49, 51, 54, 56, 60
000918, 08, 12, 16, 17, 18, 23, 24, 30, 31, 32, 37, 41, 42, 43, 44, 47, 49, 51, 53, 55
000919, 01, 04, 06, 09, 10, 14, 17, 18, 20, 21, 22, 24, 26, 31, 33, 41, 46, 47, 49, 52
000920, 01, 04, 05, 09, 14, 16, 18, 21, 23, 24, 25, 27, 29, 39, 40, 41, 48, 50, 53, 60
000921, 04, 06, 07, 10, 12, 19, 21, 25, 26, 30, 34, 40, 41, 43, 45, 53, 55, 58, 59, 60
000922, 02, 05, 16, 17, 18, 19, 22, 26, 28, 29, 32, 33, 34, 36, 38, 39, 41, 42, 54, 57
000923, 01, 04, 07, 12, 13, 14, 16, 18, 24, 27, 31, 38, 39, 41, 42, 43, 44, 52, 58, 59
000924, 09, 10, 13, 15, 19, 24, 26, 27, 30, 40, 42, 43, 44, 46, 48, 50, 51, 55, 57, 58
000925, 08, 09, 10, 11, 12, 14, 23, 27, 28, 30, 35, 38, 39, 41, 42, 45, 46, 49, 50, 60
000926, 05, 08, 14, 21, 22, 29, 32, 37, 39, 40, 42, 43, 45, 48, 49, 50, 54, 57, 58, 60
000927, 01, 02, 04, 05, 10, 11, 14, 17, 24, 28, 34, 35, 41, 46, 49, 51, 53, 55, 58, 59
000928, 01, 02, 04, 08, 12, 15, 16, 25, 29, 37, 38, 39, 42, 46, 48, 50, 52, 53, 56, 60
000929, 04, 05, 06, 10, 13, 15, 18, 27, 28, 31, 33, 35, 37, 41, 42, 46, 50, 52, 57, 59
000930, 01, 02, 03, 04, 07, 09, 10, 15, 16, 19, 28, 31, 33, 34, 38, 45, 48, 52, 56, 57
000931, 07, 08, 10, 11, 13, 15, 16, 17, 18, 21, 24, 25, 27, 29, 35, 39, 43, 48, 57, 58
000932, 02, 04, 05, 14, 23, 25, 30, 34, 36, 39, 40, 41, 43, 45, 46, 47, 48, 50, 53, 57
000933, 02, 05, 11, 13, 15, 18, 21, 22, 25, 27, 28, 30, 33, 34, 36, 44, 51, 53, 55, 59
000934, 01, 03, 10, 12, 14, 17, 18, 19, 23, 26, 27, 29, 36, 42, 46, 52, 55, 57, 58, 59
000935, 01, 03, 05, 07, 09, 10, 18, 22, 23, 28, 37, 43, 44, 45, 49, 53, 54, 57, 58, 60
000936, 01, 03, 04, 05, 06, 08, 10, 14, 15, 16, 32, 36, 41, 43, 49, 53, 54, 55, 58, 59
000937, 04, 06, 08, 10, 12, 18, 21, 22, 23, 28, 29, 31, 37, 44, 46, 47, 49, 54, 55, 59
000938, 03, 04, 05, 11, 15, 18, 22, 23, 25, 26, 27, 30, 34, 37, 38, 41, 46, 47, 49, 54
000939, 02, 07, 08, 09, 11, 14, 23, 27, 28, 30, 33, 34, 35, 36, 40, 43, 47, 48, 56, 58
000940, 02, 09, 12, 14, 15, 22, 30, 31, 35, 36, 37, 39, 44, 45, 48, 51, 53, 54, 58, 60
000941, 01, 02, 05, 14, 15, 19, 25, 28, 30, 33, 35, 37, 39, 44, 45, 47, 51, 52, 53, 59
000942, 02, 03, 05, 06, 09, 11, 17, 18, 21, 22, 29, 31, 38, 44, 46, 48, 49, 50, 54, 57
000943, 02, 03, 05, 08, 12, 20, 22, 26, 28, 29, 34, 37, 38, 44, 45, 47, 48, 53, 54, 60
000944, 02, 03, 06, 12, 13, 20, 23, 27, 29, 34, 37, 44, 45, 46, 47, 50, 53, 56, 58, 59
000945, 01, 07, 08, 13, 16, 18, 19, 20, 22, 28, 29, 33, 35, 36, 39, 50, 51, 52, 56, 60
000946, 01, 02, 06, 08, 13, 16, 19, 22, 25, 28, 31, 33, 34, 38, 43, 45, 52, 57, 58, 60
000947, 01, 02, 05, 07, 14, 15, 20, 22, 24, 27, 29, 30, 31, 32, 34, 37, 45, 46, 52, 60
000948, 01, 02, 04, 10, 14, 15, 16, 17, 19, 20, 21, 23, 26, 31, 32, 34, 36, 48, 54, 57
000949, 01, 05, 07, 08, 09, 13, 14, 16, 17, 21, 30, 37, 40, 43, 46, 49, 50, 51, 52, 59
000950, 02, 05, 06, 08, 12, 15, 20, 21, 27, 29, 30, 31, 34, 39, 40, 42, 50, 51, 52, 59
000951, 02, 11, 13, 16, 17, 22, 25, 26, 29, 30, 34, 35, 36, 41, 43, 45, 46, 48, 55, 58
000952, 03, 06, 10, 11, 12, 14, 21, 25, 28, 29, 30, 33, 34, 35, 37, 43, 51, 52, 58, 60
000953, 01, 02, 03, 04, 05, 07, 14, 20, 32, 33, 39, 40, 44, 46, 48, 49, 54, 55, 56, 57
000954, 04, 09, 13, 17, 19, 25, 28, 29, 30, 31, 35, 38, 40, 42, 43, 48, 49, 50, 56, 57
000955, 01, 02, 05, 08, 10, 13, 17, 19, 22, 24, 25, 30, 34, 38, 42, 44, 47, 49, 50, 57
000956, 01, 03, 04, 07, 12, 14, 19, 24, 25, 29, 30, 33, 40, 42, 50, 52, 55, 57, 59, 60
000957, 03, 04, 05, 09, 10, 14, 15, 18, 20, 22, 25, 29, 37, 40, 41, 43, 47, 52, 55, 57
000958, 02, 07, 08, 10, 11, 12, 13, 15, 18, 19, 22, 23, 35, 37, 39, 42, 43, 48, 49, 52
000959, 01, 02, 05, 07, 11, 14, 17, 18, 25, 30, 31, 33, 34, 39, 40, 41, 45, 52, 55, 58
000960, 01, 04, 06, 09, 11, 17, 22, 25, 27, 31, 36, 37, 40, 41, 52, 53, 54, 55, 58, 60
000961, 05, 07, 09, 10, 11, 14, 16, 21, 28, 29, 30, 32, 37, 40, 41, 42, 47, 53, 55, 58
000962, 01, 10, 14, 15, 17, 22, 23, 24, 26, 27, 28, 29, 30, 33, 38, 40, 43, 44, 52, 59
000963, 02, 03, 04, 06, 09, 15, 16, 17, 21, 24, 30, 32, 35, 39, 42, 44, 45, 49, 59, 60
000964, 04, 11, 13, 14, 19, 22, 25, 26, 28, 34, 39, 40, 41, 43, 44, 45, 49, 50, 54, 57
000965, 01, 05, 10, 15, 17, 18, 19, 23, 26, 31, 32, 33, 34, 38, 39, 43, 44, 46, 53, 59
000966, 01, 02, 04, 05, 07, 09, 11, 13, 15, 21, 22, 27, 29, 37, 38, 39, 42, 45, 51, 55
000967, 01, 02, 04, 06, 13, 14, 16, 20, 25, 31, 34, 39, 41, 42, 45, 48, 49, 50, 54, 58
000968, 03, 06, 08, 12, 13, 15, 20, 25, 27, 29, 31, 34, 35, 38, 40, 41, 44, 54, 57, 60
000969, 01, 02, 05, 10, 16, 18, 19, 21, 22, 23, 26, 27, 39, 40, 43, 47, 49, 50, 53, 58
000970, 04, 06, 11, 15, 16, 17, 21, 22, 23, 24, 25, 27, 35, 36, 39, 41, 42, 51, 57, 60
000971, 01, 03, 05, 07, 09, 14, 15, 18, 19, 20, 22, 23, 26, 28, 30, 33, 44, 50, 51, 56
000972, 01, 06, 09, 10, 16, 17, 21, 23, 25, 27, 32, 34, 35, 39, 41, 44, 47, 56, 58, 60
000973, 03, 04, 05, 07, 08, 09, 22, 23, 24, 25, 26, 28, 30, 32, 38, 40, 41, 47, 55, 60
000974, 03, 07, 08, 12, 17, 24, 25, 26, 28, 31, 33, 35, 38, 44, 46, 47, 52, 56, 57, 58
000975, 02, 03, 04, 05, 07, 09, 10, 18, 22, 23, 31, 32, 39, 42, 43, 44, 51, 54, 56, 60
000976, 03, 07, 10, 12, 14, 15, 22, 26, 27, 29, 30, 39, 41, 43, 44, 46, 47, 53, 56, 57
000977, 04, 06, 07, 16, 18, 20, 21, 22, 24, 26, 27, 31, 32, 34, 40, 41, 48, 55, 57, 60
000978, 02, 08, 09, 11, 16, 18, 21, 25, 27, 29, 31, 32, 36, 37, 50, 51, 54, 55, 57, 60
000979, 04, 06, 07, 08, 11, 17, 18, 23, 28, 29, 31, 32, 34, 35, 40, 43, 45, 49, 50, 59
000980, 04, 07, 08, 09, 10, 14, 16, 19, 24, 32, 33, 38, 40, 41, 42, 49, 50, 51, 56, 59
000981, 02, 03, 05, 06, 07, 08, 14, 19, 23, 24, 27, 34, 40, 41, 43, 47, 50, 51, 54, 58
000982, 09, 10, 11, 12, 15, 19, 22, 23, 26, 28, 31, 32, 33, 35, 37, 38, 41, 44, 49, 57
000983, 06, 07, 09, 11, 16, 22, 24, 27, 28, 29, 31, 33, 40, 47, 50, 51, 52, 56, 59, 60
000984, 04, 08, 12, 14, 15, 23, 28, 30, 31, 32, 33, 35, 36, 37, 38, 42, 44, 45, 48, 59
000985, 01, 02, 04, 09, 10, 18, 22, 25, 26, 27, 30, 32, 39, 47, 52, 54, 57, 58, 59, 60
000986, 01, 03, 04, 07, 13, 16, 19, 21, 22, 23, 28, 29, 32, 33, 35, 36, 40, 44, 49, 57
000987, 01, 07, 08, 09, 10, 12, 17, 19, 20, 27, 28, 33, 34, 39, 46, 48, 49, 51, 52, 60
000988, 04, 05, 07, 09, 10, 15, 17, 18, 20, 21, 25, 29, 33, 35, 42, 43, 48, 51, 57, 58
000989, 04, 05, 06, 08, 09, 13, 17, 18, 19, 25, 26, 29, 31, 32, 33, 48, 49, 55, 58, 60
000990, 02, 03, 04, 06, 11, 13, 16, 23, 24, 26, 27, 31, 33, 34, 39, 40, 42, 45, 58, 59
000991, 06, 08, 09, 13, 18, 19, 24, 29, 30, 32, 34, 42, 45, 47, 48, 50, 51, 52, 53, 56
000992, 01, 07, 08, 12, 14, 16, 17, 19, 23, 27, 30, 33, 34, 35, 36, 38, 42, 53, 57, 60
000993, 17, 18, 22, 25, 26, 28, 29, 30, 32, 33, 36, 42, 43, 44, 45, 49, 52, 53, 54, 59
000994, 01, 07, 08, 10, 14, 16, 17, 19, 22, 24, 27, 29, 30, 33, 45, 48, 53, 55, 58, 60
000995, 01, 02, 03, 04, 06, 11, 13, 16, 18, 19, 21, 22, 25, 26, 32, 33, 38, 55, 57, 60
000996, 03, 08, 10, 12, 17, 18, 19, 23, 24, 27, 29, 35, 36, 38, 44, 46, 47, 49, 56, 58
000997, 01, 09, 10, 14, 17, 18, 19, 23, 25, 30, 35, 38, 40, 44, 49, 50, 51, 55, 56, 57
000998, 02, 10, 11, 13, 15, 19, 21, 27, 28, 32, 33, 34, 35, 48, 50, 52, 53, 56, 57, 59
000999, 02, 05, 06, 08, 15, 16, 21, 25, 26, 27, 28, 30, 34, 41, 43, 47, 53, 55, 58, 59