20200315, 284237071154123305242646571532222043031321595256293641275008443853403009554816
20200315, 32602530174759073741353454360610245213212931035142090828534419554504480540
20200315, 050752273450483918311159264019511449223804571013022053124458212417555660083645
20200315, 45031921144253134632555259541740220444290748585147410518092502433024285610062716

20200308, 06481412380853431528462936411711505819183302512025521659604939044403
20200308, 235146060839534920143759410738020160350434134318422747091550175631405748293236555854
20200308, 5756152414121945444055093017594232461051355043412038264849030127332804231834
20200308, 29032321385111476057554143023622463412500824312515481744395818164053010942370627

20200301, 57040930074244382529274537245036030513410139331215484743325860233121220254
20200301, 541123190115320850030917103114452455120658051621343837476028415749025259134407
20200301, 0128261124465956305160471809165349544413371020064136040805555219293340
20200301, 32350541081215210247265114253027504423312857550152100316395660092918420637

20200223, 3159050442252315024043451136012719204928474853353908170952440633101854221332301629
20200223, 464933313958181413415612195224072643280251202750104534321103360560383704301715
20200223, 495214550238600304202207015412184736485810163235062130131908111557563137343946
20200223, 0923601136155546353443313216514008392038225649041230175803195201244144182506

20200216, 1802285150442447532140041512543222370657460152560858231327385910171160262049
20200216, 58202130241250393335182757371410014347263456595402230515294851161942176045110738
20200216, 0314190402331329554723315332512216375449581735413459280740203624381842521015
20200216, 5519060121042507561417371154094108484031490242302333205310324351125215343813

20200209, 28454953563736081255320441345026165107244302590547016020572322584830101533
20200209, 012609251710561428400527604146351322040330451559024453585549164738543220394842
20200209, 350423485533284659063820505422024753211310315708362556291916170360454132374401
20200209, 4629065457193508120445203211185203055955312527223043134916475828504833073824

20200202, 4331551845464250034427520702361928203932082910493321133726114047516022,
20200202, 4455203124144543181557385812113528053759494651290934521741392721083248560430
20200202, 4336075510174118272411514435120832212616422829484015535822575923545605503414
20200202, 27245045173610493741294651302518260723112003091334600257441432421619591555084058

20200126, 03594516553328290617375804085301473052396057243643271423263513385021
20200126, 043534070621262045174842550854370925444138132815434005522414011130565016583347
20200126, 444640294148531418122039320727375647601025425928083430312657172135490258131145
20200126, 4715553954400625281419020834101303042160514629485911073531223250244920

20200119, 47034620401514173325010554305228511255483208441056271613390650382659230749091143
20200119, 321213481160294737544224585251225744100220063850211926180525080743404623390356
20200119, 194049445258031439160242284708352357531054270943150726060446055034292117513856
20200119, 101455365951174741113154372350521840332446353048224213023245013844041258536025

20200112, 41321122041544185860280547193423565733173524461238163750215326063002514827140840
20200112, 19430360480128275440165553580717350611252239135931021209413738564752323345
20200112, 2302443845105226594157462529245053075508063560031347372758053432143901401518
20200112, 37605941231146390327322013571742075844210645520914341028505424263631431638044018

20191229, 28120918220305325113586053210447411629401538083537204226024952314517443911
20191229, 4735102753153026185159055056402923142439421157090706384352490255012219544417
20191229, 0730264739132042065449030160224459160543551538412935375245284009501217255724,
20191229, 4232294640105543332821592050023852302403355360274513375614010558491918

20191222, 231329184227125243565126153831410130403309030247373658063219244608390714045922
20191222, 1029214215042503494322021840552446064152341314265453603501125939162044094527
20191222, 33221748533835470915181456040152513412394206543108055811405036554537292313282530
20191222, 131618121041390857604914460906150420195450284707533759385121273302353644301729

20191215, 183110420857410954233639594704380729450644356052261934162211555140212046503749
20191215, 450332520217120520133115471159062124514942502516480807381044570155303356545346
20191215, 5807015743082603525130391854565923050433280631103615254614384244112460195332
20191215, 43185626460833381314511607253404592715123050400658352941244722392154022052

20191208, 5023194652180525445307014508344303404748311238091730605611593754151606242713
20191208, 5237454753084951212228133255335840303546430312260125171457091536502902205419
20191208, 121713012715056058451916544134072302245914485147252903371139501840224906463357
20191208, 563338225936034550571858130631300920512347553441042732442842191405482615463724

20191201, 49224625414047130429101433313054025011123728014803231953321720603852
20191201, 041941112921473010460107033806325305142559022349511733450934432842562454
20191201, 04013426431128175933163124073930574855321022472506584245211519500554124653562740
20191201, 091325514248182822173229585256574754241039055002140703553031232615404101193444

20191124, 153642022818494307305108603506173147415550055738203427462913445421160922
20191124, 104733221224483439041618023641375715295854143019530135591727316025215256200903
20191124, 421946252637315416411256082136483320535109394050580328301034381432151113
20191124, 592752332101143208353857024329564719280323364126502049441537091112221746

20191117, 394321352646245250036014381525051636402710295302422245494144335748
20191117, 4429165031014207361526110603122248275553475704241932545639413310384618406045
20191117, 450507463041432737042613512247420332334054013625581535201739496006245023
20191117, 4238334519604324040344201214175349352325410157051822505527163913482854303108

20191110, 020313213946053656184208570633194429041535504559341724602610543740145307092849
20191110, 34113744402620423628355429270230554852594751490839331206015622071718462116605831
20191110, 51104334584116385753501146150722251848120447022621312736300145325639292344401724
20191110, 2815585207266049591239473721500841575419463123143210555317165635

20191103, 08152442545206435718360560043955443109250710454834404132232138281456301302
20191103, 2829050612161134374847081936415813023217225057202651593503394214333031094907
20191103, 4316092111040203512648553254385239054713565834012357492419060725605914371710
20191103, 0654225334362356134238475211172533500218261232241608514514200159354840280457

20191027, 414624352025273154384844052130590401260215174323372942533255475708451403186012
20191027, 22072856175233571924480241304215314547140910602006362944053213254304260851341821
20191027, 4349154520123314240860100142445507163931293738030456174802305023253436114609
20191027, 4751192728152649083821134306445520415430121656032352570539014007143602325842

20191020, 2554182756131709145948101931495516305744264329074111470138122151223736336006
20191020, 18410550352952014828322556043044572302120921435453073431033940603719172215145536
20191020, 38575325412648161031193621400712503020511702441143540613233532290514030401
20191020, 5442333957321843050631214551350426075324143616284703201250581023482711022537

20191013, 43564616575303290448173214230138494740272033241219442852111513340710451841
20191013, 5828463735303454440622361150324152161753482910194539562743232460554002590331
20191013, 08274243330752211931453428512447492322203955293805095635021530364403591257261814
20191013, 43051510110756091917066049304737393536502013265540525733582138534801411202312544

20191006, 32464254431215060755393410316008275628372503441729053041204838191451045759130923
20191006, 49323123454312213622510616330438185354526044460807262957480128564024173759
20191006, 030109302850142133021939252746383724155443515836055648490434073220261613065360
20191006, 1817470414513326360927195910254203125520013548060532116053284550162330403931

20190929, 19482027092434412155420626323635222338046050311217561537490254160110512553391344
20190929, 5839595351563457164433601142360612412319352528272131243220100447545052174018
20190929, 496052532417085131293612592735074019131447551856385025230357341030321654392045
20190929, 5535122003602143584511480126223747021557493938365130544031534419411629094632281406

20190922, 142053584706191731452242330259273440541636301125051821130735490160550844151039
20190922, 175144481124493028140153215413076004150832194202164652035639221023372758255038
20190922, 325514103607265330441205544817560443405906384108190946392037513460294916231303
20190922, 1138044446144859475250603630241802103740084355163927010607262215310349133345

20190915, 04395921134927450341190217062854441233294210555850314815372046515657251853
20190915, 053027395309042507121823142420414716573143171321355044454810322649112256424651
20190915, 065310591312602116012731422330032624115444390917044714024138483505464025
20190915, 3815182743324537491157444024202539593635023108211951101209562228041413165441

20190908, 18154325014602225534173942382044142616104849050809362113041206453029593140
20190908, 52254029063153141601563750434509123202423328383051244957393659262104070315
20190908, 45464912145060071841244833594257061339222102313504104355233229515247032815
20190908, 4656310444365110273706031647302114493540604239150754011209024138553448262833

20190901, 532302450859363509424905160714035439444725315828130430605743505117212224
20190901, 183435380857592456530407224339102955473126366006485427171345494219284012
20190901, 451011153814552406562201572620165103375432082839300417350244535036331852463407
20190901, 3624222349531648094628591711513901415560102507563338543508454405212015

20190825, 183139024060525801162643483421115051361946051749241259030445103720562506
20190825, 34125146175826235202322835134859370130570527361916111553093847492207240425
20190825, 1819291701322343593422400558556049573110275139562435134720153833085352114830
20190825, 08194740020624455028363509235510575953053432202215392504544351272138411426011812

20190818, 1009581147441812080741294826166024144906043146593539201723364501272852
20190818, 135910412333394412562225364917405330451809281401025503351948072146114734374306
20190818, 113955145456274044521719203118493541293233234803510146425057161512600459133047
20190818, 124928403731215604360846392747175513262359425401570911330514350616441825

20190811, 49421259075313200634603337181021194429153630521755160256472409324827503811010557
20190811, 2142293513020333345532481644281811234915014020584117245031072252273038603743
20190811, 3018290643192446093149534225020440593245485007373828155627231258215113351739
20190811, 58471156060457102659161738402852464151310513543722293943074549340801503220155525

20190804, 171333393855570802072510485947350521584256202949522616064654431901140453285123
20190804, 142131343915452810521333405329241846082250592625192737444816476009493512,
20190804, 0724112606603957302829210818364214052025543515550217015851134440593716523143
20190804, 024457102609131815273360230817550547513638544830034943505242585329040645342428

20190728, 19545842050217245222064530143631263940492721565155132553340741370311505720012843
20190728, 56074549335348463523443630280257130140042418432516291117524206124738545534
20190728, 09581013283804213260202246165236421129311441340223250107575645194744305917
20190728, 55264434244327381325280614113304165305363260463142174112224050300745

20190721, 563229215007404943584757391114192437120302422848232216380444335941180553
20190721, 0432433023170108580316334431374202533546451060593418550514294752122641252054
20190721, 210637544738283005144534595739180443031144200727503133225813600136154129170923
20190721, 492123251440302956481632054112023531511534334236454450550924434718205226576038

20190714, 04443930224857171907521520515012312143164110360955423735532946135833323445252738
20190714, 591460282122421750371156334449073215533601135110022609240352581847484541572305
20190714, 473351393525495301582338466020271216362621143748573015114428092408185529044131
20190714, 434549394421143830573632192927163733222411404110134831070142265309036035280215

20190707, 2622181536600354591230383702570551500848094432270419252955165623144101400706
20190707, 47284123595312312911225117541937434056240410454930094418363546014234254833
20190707, 5141182602573005330728092932475239354604496020382155103112541613171101082542
20190707, 462807444260103831543630172301505911020457455348584043513526394919320552471434

20190630, 34164057360135184538330529141244464142261753491352234332205630471050195115375911
20190630, 5150144660324055194149562118540952572925381642274858370715205345473013045901
20190630, 5742453408244856505802195129493111154628211441203337383523530330180612554004
20190630, 233957341810245649193804210106071715484359225309275505521130164741084032293542

20190623, 4142431560565752125824043717141649391848062129030553190109445013075131023826450811
20190623, 31194159440753395225011457083449365817272142371626116055154322475451
20190623, 1437520135291127411503251831592138563055500426085154321243171934452802361044
20190623, 51500133163734482159115625444904530546291810020317225830270636520914190743

20190616, 36600926321822585020114734374917254407595551310815244227395421411633123503
20190616, 4419173134590449472403081239140626293218504638235509534060432256165120301505
20190616, 0347452140183146260815095756193344043429101458603738024355113222162501121339
20190616, 5258162024292719104344224112510613463428313048210342151837405409321102235917

20190609, 5414040322383205091011563430214915164136233340205346605839245107471852061750
20190609, 16572429552708301252324509374850211844072640580660491454383959025347365651
20190609, 40135738240830355317334823340456185016430645320341024954142259293725052701522039
20190609, 575928360449201922250958114550291439316035442705061748124323165201031334513241

20190602, 2449263946021405444850302816361355180741030127193553373808322522575460341012
20190602, 521526434932342550061641445318403827222357282912451108170436604642471451353755
20190602, 511726600340195039592113051549224555480110284233061438442537570227473229313634
20190602, 29113922431328252419104916515531374635342606441452451553094003485750

20190526, 4148284218070310115052134446603437202302170157363508252638122949152705
20190526, 0908281246380253051557252648505831204301605935061330453932511921142218490704
20190526, 3022592329200839423346364515603132261947055755381806431621400401415017284434
20190526, 50421943093518144745535101464834075917562932272031115849570408063055602302

20190519, 1641285725192421015547054213263504483418563233500217112937585110,
20190519, 3631300633552602504160032004591822243205274635115813543707574710492544175652141940
20190519, 08463424445437060516205019472142585917532541392631574512043229432703523607
20190519, 421434593656300918393837490626200152401746211003253141512957281516531227

20190512, 1641285725192421015547054213263504483418563233500217112937585110
20190512, 3631300633552602504160032004591822243205274635115813543707574710492544175652141940
20190512, 08463424445437060516205019472142585917532541392631574512043229432703523607
20190512, 421434593656300918393837490626200152401746211003253141512957281516531227

20190505, 244940430530042110144442034853060725110854503419313727394736234629182022160955
20190505, 010325575230412947051623580454141210284534332636501553591140224417602443
20190505, 564919292418303515143326074131210544042017575312104625366009474016325423
20190505, 03361643572140595223342742394908294415105651132038090160241758250441221254